0.0001
0.0001
0.0002
0.0003
0.0002
0.0002
0.0002
0.0003
0.0002
0.0011
0.0002
0.0002
0.0004
0.0009
0.0004
0.0008
0.0003
0.0004
0.0006
0.0003
0.0004
0.0005
0.0006
0.0005
0.0006
0.0011
0.0007
0.0006
0.0006
0.0007
0.0004
0.0010
0.0009
0.0009
0.0009
0.0009
0.0009
0.0009
0.0009
0.0009
0.0009
0.0009
0.0009
0.0009
0.0009
0.0009
0.0009
0.0009
0.0001
0.0002
0.0004
0.0003
0.0003
0.0002
0.0009
0.0002
0.0005
0.0008
0.0005
0.0004
0.0004
0.0006
0.0005
0.0004
0.0002
0.0006
0.0010
0.0011
0.0013
0.0009
0.0010
0.0017
0.0013
0.0010
0.0018
0.0017
0.0017
0.0009
0.0015
0.0036
0.0003
0.0009
0.0011
0.0014
0.0011
0.0015
0.0018
0.0023
0.0023
0.0028
0.0020
0.0018
0.0018
0.0021
0.0025
0.0018
0.0004
0.0011
0.0010
0.0018
0.0008
0.0010
0.0020
0.0024
0.0021
0.0009
0.0024
0.0038
0.0012
0.0010
0.0010
0.0023
0.0005
0.0023
0.0028
0.0029
0.0041
0.0048
0.0055
0.0054
0.0040
0.0018
0.0035
0.0056
0.0037
0.0036
0.0042
0.0055
0.0004
0.0031
0.0035
0.0049
0.0046
0.0059
0.0059
0.0067
0.0074
0.0041
0.0099
0.0067
0.0095
0.0058
0.0054
0.0123
0.0009
0.0024
0.0048
0.0045
0.0022
0.0072
0.0049
0.0029
0.0053
0.0039
0.0083
0.0025
0.0038
0.0018
0.0175
0.0038
0.0013
0.0046
0.0067
0.0079
0.0102
0.0108
0.0077
0.0089
0.0199
0.0167
0.0092
0.0092
0.0151
0.0115
0.0131
0.0134
0.0016
0.0075
0.0100
0.0095
0.0141
0.0201
0.0161
0.0218
0.0253
0.0319
0.0232
0.0079
0.0185
0.0214
0.0305
0.0091
0.0013
0.0052
0.0070
0.0103
0.0123
0.0110
0.0217
0.0058
0.0162
0.0126
0.0156
0.0198
0.0094
0.0268
0.0087
0.0504
0.0012
0.0103
0.0100
0.0230
0.0250
0.0230
0.0215
0.0233
0.0371
0.0249
0.0392
0.0584
0.0256
0.0247
0.0396
0.0422
0.0014
0.0144
0.0275
0.0269
0.0390
0.0357
0.0384
0.0320
0.0338
0.0464
0.0497
0.0366
0.0938
0.0460
0.0768
0.0809
0.0017
0.0100
0.0228
0.0295
0.0288
0.0199
0.0266
0.0198
0.0233
0.0278
0.0376
0.0387
0.0085
0.0145
0.0512
0.0083
0.0014
0.0131
0.0277
0.0505
0.0339
0.0591
0.0502
0.0300
0.0357
0.0682
0.0766
0.0489
0.0778
0.0447
0.0730
0.0413
0.0016
0.0169
0.0280
0.0765
0.0640
0.0540
0.0796
0.0870
0.0549
0.0703
0.1024
0.1472
0.1156
0.0910
0.1383
0.0852
0.0030
0.0149
0.0457
0.0426
0.0337
0.0463
0.0723
0.0680
0.0196
0.0658
0.0454
0.0264
0.0453
0.0887
0.0526
0.0743
0.0028
0.0172
0.0372
0.0491
0.0875
0.0838
0.0765
0.0773
0.1121
0.1314
0.1719
0.1064
0.1947
0.1909
0.1285
0.2499
0.0028
0.0324
0.0359
0.0788
0.0937
0.0914
0.1536
0.1583
0.1552
0.1446
0.1768
0.3443
0.2096
0.2615
0.3373
0.3129
0.0029
0.0330
0.0721
0.0531
0.1042
0.1371
0.2095
0.1569
0.1972
0.1972
0.2262
0.1278
0.1946
0.1400
0.2139
0.0986
0.0030
0.0288
0.0562
0.1074
0.1266
0.1933
0.1974
0.2931
0.2369
0.3179
0.3297
0.4024
0.3257
0.4715
0.4470
0.6347
0.0042
0.0394
0.0858
0.0915
0.2147
0.2306
0.2432
0.2876
0.3041
0.4316
0.4696
0.5021
0.4918
0.6770
0.7319
0.7810
0.0034
0.0445
0.1285
0.1391
0.1601
0.1892
0.4243
0.3163
0.3500
0.3708
0.4275
0.4457
0.3772
0.1294
0.5863
0.3622
0.0024
0.0340
0.0727
0.1439
0.1938
0.2380
0.3329
0.3332
0.3974
0.5353
0.6406
0.4729
0.6245
0.7257
0.7848
0.8272
0.0017
0.0628
0.0941
0.1087
0.2603
0.3671
0.3728
0.4866
0.4392
0.6277
0.6419
0.6362
0.6936
0.7996
0.8543
0.8144
0.0054
0.0387
0.0887
0.1129
0.1284
0.1631
0.2310
0.2133
0.1553
0.1256
0.2000
0.4363
0.2526
0.3620
0.2614
0.4151
0.0042
0.0540
0.0842
0.1087
0.1684
0.2082
0.2402
0.2991
0.3768
0.4245
0.2933
0.5840
0.4771
0.6856
0.6026
0.6080
0.0081
0.0506
0.1361
0.2119
0.2756
0.3390
0.4329
0.4926
0.3812
0.4866
0.6137
0.5265
0.5900
0.6961
0.8163
0.6855
0.0033
0.0251
0.0549
0.0608
0.0863
0.0487
0.0923
0.0762
0.1140
0.0911
0.1416
0.2169
0.0495
0.1096
0.0855
0.0531
0.0022
0.0407
0.0703
0.0684
0.1052
0.1413
0.1675
0.2134
0.1749
0.2157
0.3539
0.2603
0.3186
0.2978
0.2486
0.1774
0.0027
0.0825
0.0979
0.1707
0.1738
0.2117
0.2434
0.2437
0.2849
0.4302
0.4477
0.2679
0.3648
0.3490
0.4498
0.4185
0.0030
0.0238
0.0352
0.0497
0.0465
0.0267
0.0426
0.0695
0.0946
0.0528
0.0581
0.0384
0.0809
0.0926
0.0316
0.0578
0.0029
0.0396
0.0491
0.0887
0.1129
0.1093
0.1742
0.1408
0.1735
0.1356
0.1956
0.1534
0.1125
0.1760
0.2467
0.1228
0.0029
0.0635
0.1378
0.1661
0.1594
0.2094
0.2847
0.1452
0.2212
0.3605
0.2888
0.1657
0.4846
0.2485
0.2277
0.3021
0.0045
0.0204
0.0327
0.0325
0.0358
0.0355
0.0592
0.0444
0.0488
0.0921
0.0521
0.1247
0.0443
0.0760
0.0406
0.0610
0.0055
0.0448
0.0705
0.0843
0.1206
0.1188
0.1707
0.1206
0.1379
0.1441
0.1925
0.1204
0.1020
0.1669
0.1358
0.0913
0.0078
0.0731
0.1085
0.1397
0.2117
0.1483
0.2709
0.1754
0.2101
0.2265
0.1690
0.2759
0.1960
0.2322
0.2853
0.2334
0.0041
0.0231
0.0301
0.0387
0.0415
0.0427
0.0310
0.0357
0.0483
0.0360
0.0356
0.0435
0.0347
0.0744
0.0342
0.0775
0.0050
0.0535
0.0628
0.0875
0.0831
0.0899
0.0899
0.0787
0.1160
0.1281
0.1582
0.1425
0.1551
0.1164
0.0981
0.0988
0.0062
0.0864
0.0936
0.1260
0.1208
0.1558
0.1328
0.1684
0.1617
0.1969
0.1905
0.1986
0.1743
0.1708
0.1989
0.1354
0.0040
0.0197
0.0245
0.0374
0.0236
0.0308
0.0376
0.0338
0.0405
0.0357
0.0485
0.0422
0.0460
0.0239
0.0478
0.0491
0.0049
0.0378
0.0465
0.0624
0.0763
0.0921
0.0665
0.0668
0.0950
0.0855
0.0804
0.0953
0.0968
0.0564
0.0606
0.1033
0.0054
0.0583
0.0667
0.0794
0.1324
0.0937
0.1183
0.0609
0.1161
0.1328
0.1366
0.1634
0.1294
0.1407
0.0968
0.1287
0.0045
0.0186
0.0224
0.0210
0.0201
0.0304
0.0302
0.0228
0.0277
0.0301
0.0300
0.0259
0.0383
0.0283
0.0525
0.0320
0.0055
0.0183
0.0221
0.0308
0.0376
0.0389
0.0441
0.0497
0.0477
0.0583
0.0509
0.0441
0.0499
0.0495
0.0553
0.0384
0.0150
0.0270
0.0285
0.0357
0.0270
0.0317
0.0463
0.0386
0.0444
0.0466
0.0427
0.0616
0.0947
0.0753
0.0234
0.0433
0.0034
0.0180
0.0184
0.0224
0.0201
0.0169
0.0241
0.0183
0.0299
0.0446
0.0211
0.0182
0.0296
0.0310
0.0407
0.0283
0.0033
0.0129
0.0188
0.0175
0.0090
0.0138
0.0252
0.0231
0.0289
0.0370
0.0229
0.0356
0.0461
0.0285
0.0188
0.0159
0.0191
0.0191
0.0191
0.0191
0.0191
0.0191
0.0191
0.0191
0.0191
0.0191
0.0191
0.0191
0.0191
0.0191
0.0191
0.0191
0.0045
0.0231
0.0335
0.0435
0.0337
0.0423
0.0320
0.0339
0.0607
0.0367
0.0428
0.0369
0.0369
0.0396
0.0203
0.0402
0.0055
0.0174
0.0207
0.0268
0.0445
0.0547
0.0434
0.0463
0.0670
0.0441
0.0416
0.0646
0.0708
0.0749
0.0501
0.0771
0.0150
0.0270
0.0285
0.0357
0.0270
0.0317
0.0463
0.0386
0.0444
0.0466
0.0427
0.0616
0.0947
0.0753
0.0234
0.0433
0.0045
0.0307
0.0474
0.0510
0.0502
0.0608
0.0558
0.0466
0.0695
0.0664
0.0786
0.0509
0.0460
0.0699
0.0627
0.0788
0.0039
0.0361
0.0544
0.0636
0.0878
0.0842
0.0744
0.0985
0.0828
0.0810
0.0989
0.0944
0.0561
0.0703
0.0921
0.1367
0.0054
0.0583
0.0667
0.0794
0.1324
0.0937
0.1183
0.0609
0.1161
0.1328
0.1366
0.1634
0.1294
0.1407
0.0968
0.1287
0.0047
0.0298
0.0501
0.0630
0.0483
0.0908
0.0758
0.0761
0.0559
0.0814
0.0897
0.0620
0.0965
0.0659
0.1165
0.0927
0.0050
0.0525
0.0586
0.0872
0.0803
0.0827
0.1138
0.1101
0.1286
0.1077
0.1003
0.0717
0.1299
0.1213
0.1023
0.0735
0.0062
0.0864
0.0936
0.1260
0.1208
0.1558
0.1328
0.1684
0.1617
0.1969
0.1905
0.1986
0.1743
0.1708
0.1989
0.1354
0.0058
0.0265
0.0521
0.0857
0.0655
0.0870
0.0905
0.0462
0.1644
0.0954
0.1452
0.1197
0.1088
0.0934
0.0699
0.1274
0.0088
0.0540
0.0670
0.1350
0.1427
0.1001
0.0983
0.1160
0.1910
0.1333
0.1236
0.1182
0.1293
0.1406
0.1359
0.1560
0.0078
0.0731
0.1085
0.1397
0.2117
0.1483
0.2709
0.1754
0.2101
0.2265
0.1690
0.2759
0.1960
0.2322
0.2853
0.2334
0.0032
0.0317
0.0752
0.0690
0.0913
0.0738
0.1079
0.1148
0.1890
0.0792
0.1251
0.0772
0.0974
0.2474
0.1531
0.1038
0.0031
0.0633
0.0680
0.0784
0.1329
0.3079
0.1235
0.1126
0.1333
0.2542
0.1975
0.1765
0.2774
0.1267
0.3318
0.1674
0.0029
0.0635
0.1378
0.1661
0.1594
0.2094
0.2847
0.1452
0.2212
0.3605
0.2888
0.1657
0.4846
0.2485
0.2277
0.3021
0.0037
0.0428
0.0803
0.0754
0.1035
0.1487
0.1344
0.1220
0.1611
0.1366
0.1433
0.1824
0.1181
0.2703
0.1632
0.0617
0.0042
0.0779
0.0779
0.1131
0.1872
0.2590
0.1433
0.2377
0.1515
0.1993
0.2764
0.4243
0.2198
0.1967
0.2871
0.1587
0.0027
0.0825
0.0979
0.1707
0.1738
0.2117
0.2434
0.2437
0.2849
0.4302
0.4477
0.2679
0.3648
0.3490
0.4498
0.4185
0.0056
0.0509
0.1023
0.1467
0.1588
0.2028
0.2098
0.2790
0.2215
0.2727
0.2305
0.3574
0.2738
0.2789
0.2513
0.2676
0.0064
0.0683
0.0926
0.1832
0.2524
0.2596
0.3233
0.3150
0.3600
0.4572
0.3545
0.3262
0.5337
0.5691
0.5423
0.5794
0.0081
0.0506
0.1361
0.2119
0.2756
0.3390
0.4329
0.4926
0.3812
0.4866
0.6137
0.5265
0.5900
0.6961
0.8163
0.6855
0.0036
0.0437
0.1159
0.1202
0.2294
0.1900
0.1944
0.5024
0.3069
0.3862
0.4566
0.4607
0.4164
0.4463
0.4257
0.6210
0.0031
0.0541
0.1058
0.1268
0.1586
0.1961
0.3557
0.3880
0.4135
0.4189
0.6313
0.6341
0.6729
0.7143
0.7099
0.7360
0.0017
0.0628
0.0941
0.1087
0.2603
0.3671
0.3728
0.4866
0.4392
0.6277
0.6419
0.6362
0.6936
0.7996
0.8543
0.8144
0.0039
0.0436
0.0685
0.1131
0.1682
0.1826
0.1554
0.2740
0.1880
0.2579
0.2648
0.1788
0.1428
0.1477
0.1262
0.0742
0.0028
0.0355
0.0510
0.1066
0.1585
0.1526
0.1836
0.2494
0.2795
0.2879
0.2607
0.4165
0.3810
0.5121
0.4591
0.5151
0.0042
0.0394
0.0858
0.0915
0.2147
0.2306
0.2432
0.2876
0.3041
0.4316
0.4696
0.5021
0.4918
0.6770
0.7319
0.7810
0.0040
0.0248
0.0300
0.0406
0.0469
0.0448
0.0503
0.0624
0.0384
0.0422
0.0609
0.0180
0.1134
0.0834
0.0885
0.0136
0.0031
0.0212
0.0498
0.0533
0.0531
0.0736
0.0887
0.0907
0.1240
0.1363
0.0888
0.1375
0.1817
0.1361
0.1240
0.1229
0.0028
0.0324
0.0359
0.0788
0.0937
0.0914
0.1536
0.1583
0.1552
0.1446
0.1768
0.3443
0.2096
0.2615
0.3373
0.3129
0.0026
0.0074
0.0111
0.0106
0.0116
0.0374
0.0144
0.0217
0.0195
0.0183
0.0267
0.0128
0.0065
0.0354
0.0158
0.0196
0.0017
0.0130
0.0166
0.0247
0.0411
0.0361
0.0517
0.0561
0.0488
0.0487
0.0841
0.0654
0.0804
0.0510
0.0450
0.0497
0.0016
0.0169
0.0280
0.0765
0.0640
0.0540
0.0796
0.0870
0.0549
0.0703
0.1024
0.1472
0.1156
0.0910
0.1383
0.0852
0.0017
0.0033
0.0035
0.0032
0.0071
0.0044
0.0055
0.0021
0.0037
0.0046
0.0026
0.0029
0.0035
0.0040
0.0044
0.0059
0.0012
0.0085
0.0121
0.0213
0.0231
0.0247
0.0168
0.0215
0.0295
0.0311
0.0225
0.0253
0.0268
0.0197
0.0340
0.0179
0.0014
0.0144
0.0275
0.0269
0.0390
0.0357
0.0384
0.0320
0.0338
0.0464
0.0497
0.0366
0.0938
0.0460
0.0768
0.0809
0.0010
0.0016
0.0012
0.0019
0.0013
0.0018
0.0019
0.0020
0.0015
0.0012
0.0019
0.0009
0.0017
0.0012
0.0016
0.0009
0.0012
0.0045
0.0064
0.0075
0.0074
0.0071
0.0087
0.0101
0.0070
0.0105
0.0142
0.0130
0.0163
0.0164
0.0082
0.0213
0.0016
0.0075
0.0100
0.0095
0.0141
0.0201
0.0161
0.0218
0.0253
0.0319
0.0232
0.0079
0.0185
0.0214
0.0305
0.0091
0.0004
0.0005
0.0004
0.0005
0.0005
0.0005
0.0010
0.0007
0.0008
0.0007
0.0008
0.0007
0.0018
0.0009
0.0019
0.0018
0.0004
0.0017
0.0027
0.0026
0.0026
0.0024
0.0039
0.0025
0.0036
0.0048
0.0044
0.0045
0.0037
0.0029
0.0034
0.0035
0.0004
0.0031
0.0035
0.0049
0.0046
0.0059
0.0059
0.0067
0.0074
0.0041
0.0099
0.0067
0.0095
0.0058
0.0054
0.0123
0.0001
0.0002
0.0003
0.0002
0.0003
0.0005
0.0004
0.0003
0.0006
0.0013
0.0018
0.0004
0.0008
0.0003
0.0002
0.0003
0.0002
0.0007
0.0008
0.0009
0.0012
0.0009
0.0014
0.0010
0.0008
0.0009
0.0010
0.0009
0.0008
0.0007
0.0009
0.0018
0.0003
0.0009
0.0011
0.0014
0.0011
0.0015
0.0018
0.0023
0.0023
0.0028
0.0020
0.0018
0.0018
0.0021
0.0025
0.0018
0.0005
0.0021
0.0022
0.0034
0.0039
0.0026
0.0024
0.0028
0.0020
0.0110
0.0011
0.0034
0.0170
0.0026
0.0011
0.0048
0.0019
0.0041
0.0055
0.0064
0.0067
0.0081
0.0091
0.0147
0.0169
0.0140
0.0130
0.0142
0.0225
0.0432
0.0522
0.0510
0.0059
0.0172
0.0201
0.0202
0.0210
0.0333
0.0195
0.0362
0.0248
0.0262
0.0274
0.0237
0.0385
0.0287
0.0208
0.0034
0.0012
0.0036
0.0060
0.0053
0.0061
0.0039
0.0056
0.0111
0.0042
0.0102
0.0142
0.0029
0.0132
0.0058
0.0050
0.0057
0.0027
0.0107
0.0142
0.0177
0.0194
0.0243
0.0261
0.0328
0.0334
0.0382
0.0374
0.0407
0.0424
0.0529
0.0468
0.0587
0.0055
0.0217
0.0280
0.0333
0.0344
0.0384
0.0461
0.0422
0.0466
0.0490
0.0472
0.0383
0.0640
0.0502
0.0748
0.0910
0.0046
0.0163
0.0157
0.0196
0.0175
0.0237
0.0156
0.0130
0.0163
0.0141
0.0176
0.0197
0.0175
0.0372
0.0535
0.0796
0.0078
0.0368
0.0529
0.0704
0.0876
0.0929
0.0922
0.0966
0.1197
0.1028
0.0989
0.1830
0.1188
0.1146
0.1225
0.1678
0.0130
0.0615
0.0790
0.1114
0.1115
0.1550
0.1473
0.1807
0.1613
0.1743
0.1931
0.1783
0.2250
0.2016
0.2405
0.2416
0.0133
0.0445
0.0462
0.0463
0.0446
0.0508
0.0839
0.0548
0.0294
0.0363
0.0369
0.0584
0.0365
0.0419
0.0440
0.0419
0.0256
0.0903
0.1297
0.1668
0.1359
0.1821
0.2169
0.2695
0.2141
0.2311
0.2932
0.3393
0.2845
0.3884
0.3856
0.4084
0.0407
0.1338
0.2152
0.2241
0.2798
0.3262
0.3573
0.3876
0.3971
0.4244
0.3604
0.4442
0.5046
0.5097
0.5326
0.5850
0.0291
0.0783
0.0972
0.0995
0.1074
0.0722
0.0801
0.0672
0.0524
0.0629
0.0845
0.0635
0.1477
0.0620
0.0628
0.0449
0.0327
0.1714
0.2683
0.3080
0.3024
0.3642
0.4271
0.4503
0.5256
0.4353
0.5517
0.5853
0.4908
0.5881
0.6524
0.5755
0.0394
0.2651
0.4120
0.5255
0.5601
0.5172
0.6198
0.6279
0.6232
0.7632
0.7087
0.7116
0.7699
0.7468
0.8018
0.8102
0.0355
0.1574
0.2158
0.2543
0.3033
0.2192
0.2920
0.2576
0.2257
0.1906
0.3346
0.2228
0.2590
0.2189
0.2955
0.1302
0.0459
0.2310
0.3877
0.4649
0.5410
0.6129
0.6467
0.6406
0.6551
0.6703
0.7184
0.7124
0.7640
0.8022
0.7520
0.7783
0.0533
0.3682
0.5597
0.6851
0.7392
0.7318
0.7856
0.7970
0.8542
0.8768
0.8800
0.9048
0.9016
0.9077
0.9139
0.9303
0.0494
0.1920
0.3165
0.3112
0.4069
0.3927
0.4570
0.4612
0.4401
0.5444
0.4567
0.5886
0.4083
0.6815
0.4402
0.6586
0.0961
0.3835
0.5082
0.6508
0.7081
0.7347
0.7800
0.8381
0.8800
0.8835
0.8898
0.8996
0.9091
0.9331
0.9217
0.8944
0.1627
0.5289
0.7609
0.7770
0.8621
0.8580
0.9137
0.9399
0.9457
0.9532
0.9535
0.9691
0.9667
0.9683
0.9813
0.9736
0.0442
0.2686
0.4222
0.4950
0.6351
0.6534
0.7435
0.7221
0.7967
0.7373
0.7968
0.7676
0.8285
0.7753
0.8525
0.7671
0.2291
0.7666
0.8302
0.8744
0.9131
0.9489
0.9598
0.9537
0.9678
0.9790
0.9797
0.9832
0.9845
0.9926
0.9957
0.9975
0.4262
0.9018
0.9371
0.9581
0.9737
0.9766
0.9795
0.9849
0.9906
0.9932
0.9930
0.9937
0.9952
0.9972
0.9985
0.9995
0.0489
0.3205
0.5485
0.6846
0.7276
0.7692
0.8346
0.7948
0.9042
0.8675
0.8698
0.9081
0.8945
0.8953
0.8068
0.8466
0.1388
0.7871
0.8568
0.9267
0.9267
0.9387
0.9649
0.9713
0.9781
0.9821
0.9856
0.9899
0.9923
0.9961
0.9984
0.9994
0.0952
0.8105
0.8760
0.8999
0.9379
0.9529
0.9771
0.9793
0.9750
0.9879
0.9903
0.9936
0.9958
0.9975
0.9990
0.9998
0.0615
0.3117
0.4772
0.6011
0.6455
0.7306
0.7323
0.7509
0.8036
0.7872
0.8717
0.8737
0.8587
0.8931
0.8611
0.9039
0.3802
0.8222
0.9008
0.9352
0.9288
0.9605
0.9607
0.9622
0.9758
0.9801
0.9854
0.9870
0.9912
0.9947
0.9965
0.9983
0.6654
0.9524
0.9678
0.9716
0.9826
0.9809
0.9897
0.9911
0.9919
0.9928
0.9949
0.9959
0.9969
0.9980
0.9990
0.9994
0.0362
0.2537
0.4231
0.4607
0.5025
0.5324
0.6931
0.7720
0.6889
0.7169
0.6414
0.7693
0.7712
0.6742
0.7727
0.8089
0.0956
0.5254
0.6669
0.7408
0.8546
0.8399
0.8514
0.8982
0.8929
0.9448
0.9383
0.9338
0.9561
0.9573
0.9628
0.9658
0.1317
0.7681
0.8686
0.8703
0.9114
0.9381
0.9431
0.9590
0.9622
0.9793
0.9769
0.9742
0.9821
0.9762
0.9823
0.9875
0.0302
0.2415
0.3407
0.3861
0.3944
0.5197
0.6422
0.6322
0.6361
0.6993
0.7434
0.6611
0.7527
0.7082
0.7660
0.6418
0.0578
0.4502
0.5544
0.7296
0.6769
0.7679
0.8021
0.8592
0.8407
0.8921
0.8979
0.8958
0.9222
0.9028
0.9138
0.9150
0.1021
0.6147
0.7873
0.8388
0.8489
0.8845
0.8881
0.9232
0.9351
0.9482
0.9402
0.9577
0.9618
0.9527
0.9537
0.9726
0.0318
0.1822
0.3067
0.3909
0.4197
0.4776
0.4793
0.5237
0.4841
0.5341
0.5977
0.5712
0.5953
0.4957
0.5111
0.6081
0.0805
0.3413
0.5206
0.5456
0.6230
0.6551
0.7313
0.7814
0.8238
0.8354
0.8432
0.8256
0.8109
0.8238
0.8771
0.8786
0.2081
0.6415
0.6227
0.7722
0.7752
0.7878
0.8258
0.8465
0.8840
0.8940
0.9128
0.8851
0.9253
0.9142
0.9261
0.9342
0.0192
0.1473
0.2481
0.2689
0.2794
0.3006
0.3522
0.3072
0.3101
0.3778
0.4087
0.4948
0.4053
0.2506
0.3925
0.3651
0.0438
0.2906
0.3975
0.4539
0.5327
0.5357
0.5764
0.6171
0.6713
0.5980
0.6624
0.7115
0.6863
0.7208
0.7027
0.6676
0.0927
0.4376
0.5200
0.6118
0.6850
0.7201
0.7372
0.6612
0.7575
0.7578
0.7509
0.8256
0.8092
0.7970
0.8816
0.8532
0.0116
0.0927
0.1279
0.1785
0.2175
0.2129
0.2369
0.2029
0.2788
0.2168
0.2769
0.2686
0.2931
0.2212
0.2817
0.1932
0.0263
0.1735
0.2417
0.3375
0.3864
0.3543
0.3679
0.4881
0.4239
0.4055
0.4995
0.4709
0.4466
0.5451
0.4870
0.4713
0.0485
0.2399
0.3919
0.4192
0.4683
0.5255
0.5066
0.6007
0.6001
0.5802
0.5966
0.6701
0.5900
0.6798
0.7439
0.7311
0.0069
0.0340
0.0582
0.0712
0.1227
0.1261
0.1224
0.0971
0.1366
0.1151
0.1504
0.1455
0.1384
0.1386
0.1867
0.1655
0.0114
0.0645
0.0852
0.1918
0.1704
0.1355
0.1863
0.2085
0.1924
0.1923
0.2118
0.2826
0.1679
0.2048
0.2509
0.2916
0.0159
0.0924
0.1920
0.2283
0.2256
0.1975
0.3996
0.3569
0.4735
0.4152
0.4421
0.4652
0.4253
0.4639
0.2489
0.4196
0.0052
0.0165
0.0222
0.0322
0.0196
0.0180
0.0323
0.0864
0.0775
0.1750
0.1044
0.1007
0.3154
0.1445
0.0965
0.0979
0.0106
0.0150
0.0367
0.0511
0.1214
0.0714
0.1427
0.0761
0.0719
0.1531
0.1558
0.2795
0.0714
0.1157
0.0326
0.2177
0.0085
0.0309
0.0815
0.0927
0.1354
0.1477
0.1830
0.3077
0.1854
0.2414
0.2849
0.3767
0.4599
0.4291
0.2968
0.0575
0.0088
0.0541
0.0640
0.0986
0.1055
0.0916
0.0894
0.1066
0.0395
0.0984
0.1340
0.0454
0.1436
0.0549
0.0290
0.1043
0.0168
0.0606
0.0628
0.0762
0.0846
0.0989
0.2006
0.1442
0.2029
0.2357
0.2432
0.1866
0.1780
0.1838
0.3448
0.4003
0.0191
0.0477
0.1232
0.1142
0.2069
0.2385
0.3112
0.3194
0.3189
0.2479
0.3845
0.3592
0.3712
0.6010
0.3282
0.3559
0.0116
0.0928
0.1192
0.1347
0.1429
0.1245
0.1277
0.1771
0.1637
0.0744
0.1235
0.1360
0.1783
0.0753
0.2430
0.1300
0.0178
0.0975
0.1442
0.1835
0.2591
0.2799
0.2439
0.2981
0.2497
0.4686
0.3133
0.3344
0.5010
0.3726
0.4957
0.7163
0.0272
0.1216
0.1929
0.2207
0.2118
0.3268
0.3369
0.3297
0.3730
0.4461
0.3678
0.4028
0.5131
0.6946
0.5902
0.5328
0.0162
0.0984
0.1246
0.1211
0.1590
0.1075
0.1275
0.1433
0.1653
0.1290
0.0928
0.1204
0.1041
0.1324
0.1163
0.1810
0.0172
0.1129
0.2092
0.2281
0.2622
0.2888
0.3741
0.3667
0.3705
0.3868
0.4212
0.3747
0.5018
0.5262
0.5122
0.6383
0.0256
0.1696
0.2267
0.2886
0.3773
0.3838
0.4333
0.4981
0.4674
0.3381
0.4846
0.5236
0.5475
0.4722
0.7239
0.7440
0.0226
0.0847
0.1043
0.0704
0.1269
0.1085
0.0938
0.1059
0.1036
0.0780
0.1709
0.0642
0.1012
0.0916
0.1281
0.0669
0.0215
0.1347
0.2327
0.2253
0.2601
0.3532
0.3572
0.3610
0.4248
0.4135
0.4954
0.4795
0.4794
0.4847
0.5951
0.5461
0.0372
0.1748
0.2652
0.3855
0.4955
0.4699
0.4487
0.4986
0.4695
0.5869
0.5704
0.5051
0.6830
0.7847
0.6189
0.6939
0.0105
0.0637
0.0915
0.0783
0.1392
0.1109
0.1694
0.1102
0.0771
0.1351
0.1124
0.1105
0.0765
0.1051
0.1369
0.2148
0.0085
0.1197
0.1990
0.2706
0.3269
0.3782
0.3219
0.3576
0.3468
0.4228
0.4696
0.5466
0.4992
0.5417
0.5648
0.5703
0.0166
0.1566
0.2741
0.3818
0.4675
0.5175
0.5392
0.4959
0.5639
0.5919
0.6004
0.5637
0.7418
0.6457
0.7544
0.7881
0.0078
0.0547
0.0690
0.1019
0.1316
0.0981
0.1574
0.1331
0.1535
0.2960
0.1854
0.0737
0.0873
0.1228
0.1220
0.1071
0.0094
0.1092
0.1776
0.2591
0.3125
0.3467
0.2939
0.4484
0.4167
0.4492
0.4744
0.4216
0.4679
0.4972
0.6140
0.5681
0.0200
0.1714
0.2696
0.3261
0.3940
0.4512
0.5370
0.5507
0.6568
0.6493
0.6310
0.6035
0.6589
0.6675
0.7831
0.7751
0.0085
0.0622
0.0894
0.1171
0.1489
0.2475
0.2716
0.3609
0.1807
0.2893
0.2129
0.2762
0.2576
0.1558
0.5034
0.2624
0.0192
0.1138
0.1822
0.2485
0.2897
0.4230
0.4042
0.4961
0.4973
0.5647
0.5304
0.5465
0.6485
0.7371
0.6290
0.7280
0.0374
0.1835
0.3661
0.3693
0.4196
0.5107
0.5605
0.5925
0.6632
0.7741
0.7773
0.7144
0.7658
0.8379
0.8879
0.8795
0.0055
0.0659
0.1359
0.2359
0.2887
0.2583
0.2520
0.3943
0.4152
0.5499
0.3322
0.3379
0.5410
0.4099
0.4088
0.2180
0.0063
0.0739
0.1811
0.2590
0.3647
0.4271
0.4931
0.5864
0.5954
0.6672
0.6726
0.8000
0.7253
0.7729
0.8191
0.8607
0.0091
0.1660
0.2890
0.4214
0.5442
0.5273
0.5967
0.8053
0.7311
0.7732
0.8389
0.8762
0.8516
0.9071
0.8988
0.9116
0.0046
0.0571
0.1077
0.1740
0.1676
0.1906
0.3184
0.2373
0.2910
0.2808
0.2791
0.2684
0.1399
0.3628
0.3061
0.2258
0.0071
0.0505
0.0964
0.1905
0.3102
0.3818
0.5333
0.5589
0.5257
0.6551
0.5745
0.5959
0.6827
0.6257
0.7772
0.8158
0.0165
0.1786
0.2412
0.3155
0.4471
0.5167
0.6651
0.6736
0.7618
0.6878
0.7871
0.8174
0.8217
0.8831
0.8862
0.9328
0.0046
0.0363
0.0704
0.0855
0.1314
0.1510
0.1676
0.1174
0.1070
0.0840
0.2998
0.0892
0.2333
0.2143
0.2502
0.1297
0.0143
0.0622
0.0940
0.1319
0.2307
0.3059
0.2450
0.2908
0.3090
0.4925
0.4306
0.5091
0.5328
0.5444
0.5192
0.5533
0.0187
0.1631
0.1773
0.2694
0.3845
0.4270
0.5224
0.5675
0.5184
0.6333
0.6167
0.6418
0.7347
0.7711
0.8409
0.8405
0.0033
0.0221
0.0409
0.0417
0.1023
0.0567
0.0877
0.0630
0.0777
0.0600
0.0936
0.1268
0.0468
0.0520
0.0341
0.0256
0.0053
0.0386
0.0702
0.1053
0.1278
0.2043
0.1445
0.2864
0.2217
0.2128
0.2985
0.3257
0.4737
0.5067
0.3784
0.5382
0.0097
0.0870
0.1764
0.2064
0.2401
0.2800
0.4072
0.4890
0.3307
0.4612
0.5031
0.5516
0.4516
0.6650
0.7513
0.7544
0.0029
0.0169
0.0195
0.0206
0.0242
0.0225
0.0160
0.0304
0.0116
0.0172
0.0200
0.0139
0.0265
0.0087
0.0096
0.0221
0.0032
0.0235
0.0470
0.0845
0.0924
0.0691
0.0940
0.1770
0.1470
0.2426
0.2838
0.1913
0.2328
0.2794
0.3914
0.3106
0.0052
0.0724
0.0942
0.1375
0.1647
0.1977
0.2361
0.2370
0.3224
0.3498
0.3482
0.3230
0.3289
0.5640
0.5853
0.7136
0.0020
0.0095
0.0141
0.0249
0.0083
0.0094
0.0129
0.0221
0.0067
0.0101
0.0157
0.0039
0.0165
0.0129
0.0109
0.0036
0.0031
0.0150
0.0363
0.0477
0.0783
0.0742
0.0617
0.0585
0.0852
0.0912
0.1182
0.1504
0.2680
0.1518
0.4077
0.3169
0.0083
0.0462
0.0521
0.0654
0.1196
0.1506
0.1338
0.1333
0.1726
0.1833
0.2299
0.2987
0.2704
0.4273
0.3923
0.5106
0.0015
0.0056
0.0041
0.0064
0.0063
0.0068
0.0053
0.0089
0.0056
0.0102
0.0027
0.0067
0.0439
0.0026
0.0057
0.0060
0.0020
0.0122
0.0168
0.0419
0.0441
0.0293
0.0775
0.0344
0.0476
0.0354
0.0580
0.1510
0.0997
0.1080
0.1871
0.2423
0.0050
0.0260
0.0408
0.0575
0.0536
0.0794
0.0959
0.1038
0.0885
0.1314
0.0856
0.1577
0.2148
0.1939
0.2594
0.3710
0.0007
0.0027
0.0031
0.0028
0.0075
0.0053
0.0022
0.0216
0.0018
0.0039
0.0025
0.0020
0.0057
0.0022
0.0016
0.0010
0.0016
0.0060
0.0112
0.0153
0.0100
0.0150
0.0150
0.0185
0.0401
0.0191
0.0278
0.0357
0.0677
0.0939
0.0574
0.1823
0.0036
0.0174
0.0158
0.0292
0.0262
0.0295
0.0290
0.0296
0.0395
0.0527
0.0366
0.0438
0.0851
0.0627
0.1254
0.2470
0.0016
0.0490
0.0921
0.1385
0.1510
0.1970
0.2261
0.1749
0.2566
0.2973
0.2136
0.3392
0.3576
0.3607
0.5082
0.2378
0.0059
0.0371
0.0961
0.1331
0.1564
0.2092
0.2526
0.3670
0.3859
0.5315
0.5675
0.5835
0.6479
0.6467
0.7945
0.7484
0.0091
0.0619
0.0831
0.0857
0.1704
0.2399
0.3586
0.2476
0.2796
0.4862
0.4381
0.5025
0.6499
0.5770
0.7592
0.8508
0.0046
0.0912
0.2301
0.2690
0.3667
0.4172
0.4297
0.4544
0.4362
0.5067
0.4550
0.5082
0.5601
0.5313
0.4977
0.6687
0.0149
0.0916
0.2326
0.2892
0.3033
0.4243
0.4640
0.5726
0.4843
0.5963
0.6349
0.7121
0.6517
0.7743
0.7834
0.8080
0.0254
0.1445
0.1785
0.2957
0.4330
0.4957
0.6322
0.5703
0.4695
0.6384
0.6434
0.6514
0.6696
0.7989
0.7528
0.8147
0.0114
0.2296
0.4055
0.5500
0.6204
0.6109
0.7005
0.6686
0.7237
0.7450
0.6623
0.6985
0.7166
0.7966
0.6868
0.7166
0.0504
0.2470
0.4441
0.4561
0.6042
0.6285
0.7005
0.7542
0.7477
0.7666
0.7274
0.7977
0.8137
0.8679
0.8302
0.8827
0.1035
0.3790
0.5164
0.5128
0.6006
0.7471
0.6654
0.7653
0.6740
0.7339
0.7427
0.7794
0.8461
0.8809
0.8875
0.9444
0.0298
0.3227
0.6355
0.5913
0.7333
0.7580
0.7668
0.8562
0.8129
0.7958
0.8402
0.8208
0.8539
0.8331
0.8413
0.8899
0.1649
0.4187
0.6222
0.7143
0.6434
0.7681
0.7995
0.7747
0.8492
0.8290
0.8973
0.8685
0.9148
0.9137
0.9140
0.9462
0.3384
0.6180
0.7088
0.7532
0.7992
0.8619
0.8796
0.8727
0.8956
0.8806
0.9040
0.8749
0.9053
0.9085
0.9382
0.9177
0.0624
0.4779
0.6479
0.7552
0.8213
0.8138
0.8765
0.8964
0.8604
0.8983
0.8947
0.8533
0.8814
0.9022
0.9081
0.9226
0.3168
0.6300
0.7069
0.8617
0.8478
0.8242
0.9068
0.8709
0.9140
0.9314
0.9348
0.9137
0.9566
0.9612
0.9647
0.9494
0.5515
0.7972
0.8432
0.8838
0.9240
0.8982
0.9269
0.9611
0.9553
0.9712
0.9528
0.9714
0.9551
0.9729
0.9812
0.9800
0.0897
0.5337
0.7396
0.8230
0.8662
0.8588
0.9325
0.9176
0.9155
0.9212
0.9124
0.9394
0.9552
0.9150
0.9519
0.9576
0.5127
0.7211
0.8730
0.9022
0.9110
0.9156
0.9215
0.9551
0.9455
0.9588
0.9688
0.9650
0.9707
0.9704
0.9769
0.9646
0.6487
0.8694
0.9343
0.9448
0.9479
0.9581
0.9659
0.9807
0.9812
0.9870
0.9739
0.9863
0.9917
0.9927
0.9916
0.9931
0.1657
0.5013
0.7600
0.8113
0.8729
0.8756
0.9167
0.9240
0.9356
0.9366
0.9437
0.9433
0.9571
0.9658
0.9358
0.9608
0.7225
0.8674
0.9092
0.9516
0.9577
0.9574
0.9757
0.9769
0.9840
0.9870
0.9823
0.9854
0.9872
0.9877
0.9918
0.9932
0.9318
0.9407
0.9725
0.9798
0.9761
0.9882
0.9896
0.9905
0.9934
0.9946
0.9935
0.9938
0.9960
0.9960
0.9948
0.9976
0.2518
0.6767
0.8216
0.8974
0.9209
0.9170
0.9379
0.9432
0.9658
0.9726
0.9567
0.9627
0.9756
0.9601
0.9604
0.9700
0.9872
0.9865
0.9808
0.9925
0.9920
0.9948
0.9970
0.9959
0.9964
0.9964
0.9978
0.9980
0.9985
0.9985
0.9994
0.9996
0.9944
0.9984
0.9958
0.9979
0.9982
0.9986
0.9989
0.9984
0.9987
0.9991
0.9992
0.9995
0.9994
0.9997
0.9998
0.9999
0.3908
0.7506
0.8590
0.9326
0.9390
0.9526
0.9679
0.9713
0.9736
0.9717
0.9843
0.9788
0.9803
0.9858
0.9773
0.9851
0.9947
0.9900
0.9867
0.9921
0.9921
0.9909
0.9973
0.9978
0.9956
0.9977
0.9982
0.9988
0.9989
0.9995
0.9997
0.9999
1.0000
1.0000
1.0000
1.0000
1.0000
1.0000
1.0000
1.0000
1.0000
1.0000
1.0000
1.0000
1.0000
1.0000
1.0000
1.0000
0.2341
0.6341
0.8394
0.8832
0.8902
0.9347
0.9369
0.9549
0.9560
0.9697
0.9662
0.9720
0.9718
0.9638
0.9730
0.9743
0.9817
0.9931
0.9888
0.9918
0.9931
0.9925
0.9954
0.9946
0.9969
0.9969
0.9971
0.9980
0.9980
0.9989
0.9992
0.9997
0.9944
0.9984
0.9958
0.9979
0.9982
0.9986
0.9989
0.9984
0.9987
0.9991
0.9992
0.9995
0.9994
0.9997
0.9998
0.9999
0.1192
0.4859
0.6720
0.7310
0.8440
0.8697
0.9103
0.9175
0.9117
0.9379
0.9515
0.9412
0.9399
0.9411
0.9289
0.9338
0.8013
0.8795
0.9117
0.9174
0.9495
0.9481
0.9629
0.9781
0.9802
0.9847
0.9813
0.9848
0.9812
0.9907
0.9908
0.9929
0.9318
0.9407
0.9725
0.9798
0.9761
0.9882
0.9896
0.9905
0.9934
0.9946
0.9935
0.9938
0.9960
0.9960
0.9948
0.9976
0.0870
0.3950
0.6560
0.7140
0.7715
0.7875
0.8550
0.9041
0.9302
0.9002
0.9190
0.9264
0.9087
0.9296
0.8951
0.8961
0.4807
0.7005
0.8090
0.8569
0.8815
0.9077
0.9171
0.9530
0.9586
0.9745
0.9651
0.9630
0.9712
0.9646
0.9746
0.9819
0.6487
0.8694
0.9343
0.9448
0.9479
0.9581
0.9659
0.9807
0.9812
0.9870
0.9739
0.9863
0.9917
0.9927
0.9916
0.9931
0.0581
0.2950
0.5665
0.6462
0.7351
0.7498
0.8009
0.8528
0.8064
0.8004
0.8827
0.9027
0.8804
0.8690
0.8473
0.8655
0.2454
0.5114
0.7120
0.7397
0.8050
0.8425
0.8618
0.9107
0.9369
0.9250
0.8928
0.9122
0.9223
0.9377
0.9336
0.9630
0.5515
0.7972
0.8432
0.8838
0.9240
0.8982
0.9269
0.9611
0.9553
0.9712
0.9528
0.9714
0.9551
0.9729
0.9812
0.9800
0.0316
0.2605
0.4616
0.5969
0.5752
0.6930
0.7197
0.7599
0.7801
0.7908
0.7921
0.6661
0.7742
0.7609
0.7559
0.7673
0.1426
0.4045
0.5334
0.5975
0.6125
0.7074
0.8083
0.7690
0.7665
0.7379
0.8107
0.7809
0.8855
0.8572
0.9185
0.8403
0.3384
0.6180
0.7088
0.7532
0.7992
0.8619
0.8796
0.8727
0.8956
0.8806
0.9040
0.8749
0.9053
0.9085
0.9382
0.9177
0.0129
0.1675
0.3032
0.3753
0.4496
0.4902
0.4889
0.5185
0.5381
0.6345
0.6239
0.6503
0.5490
0.4175
0.5915
0.6778
0.0458
0.2347
0.3946
0.3912
0.5184
0.4569
0.5649
0.5878
0.6265
0.5167
0.6364
0.7109
0.5770
0.7108
0.6639
0.8026
0.1035
0.3790
0.5164
0.5128
0.6006
0.7471
0.6654
0.7653
0.6740
0.7339
0.7427
0.7794
0.8461
0.8809
0.8875
0.9444
0.0037
0.0429
0.0858
0.1750
0.1892
0.2334
0.2752
0.3255
0.2658
0.2286
0.2664
0.2372
0.3944
0.2007
0.3451
0.5831
0.0115
0.1142
0.1498
0.1607
0.2170
0.3451
0.2646
0.2684
0.2710
0.2936
0.2944
0.3592
0.3745
0.3635
0.5945
0.4094
0.0254
0.1445
0.1785
0.2957
0.4330
0.4957
0.6322
0.5703
0.4695
0.6384
0.6434
0.6514
0.6696
0.7989
0.7528
0.8147
0.0017
0.0244
0.0461
0.0720
0.1021
0.1357
0.1213
0.1008
0.0866
0.1059
0.2220
0.0931
0.2821
0.1756
0.1302
0.1856
0.0053
0.0548
0.0618
0.0862
0.1038
0.1741
0.0779
0.0658
0.1409
0.2122
0.1768
0.2838
0.2382
0.4523
0.3567
0.0923
0.0091
0.0619
0.0831
0.0857
0.1704
0.2399
0.3586
0.2476
0.2796
0.4862
0.4381
0.5025
0.6499
0.5770
0.7592
0.8508
0.0030
0.0392
0.1048
0.1110
0.1296
0.1584
0.1636
0.1485
0.1822
0.1576
0.1540
0.2559
0.1917
0.2234
0.4448
0.1897
0.0096
0.0781
0.1321
0.1707
0.1303
0.1822
0.2056
0.1999
0.3439
0.1888
0.2782
0.4094
0.4021
0.4458
0.4504
0.7344
0.0191
0.0976
0.1518
0.2298
0.2515
0.4086
0.4141
0.4081
0.4160
0.5009
0.5705
0.6000
0.5704
0.6081
0.7857
0.7707
0.0064
0.1067
0.1560
0.1515
0.1797
0.2469
0.2558
0.2901
0.2255
0.2547
0.2303
0.3528
0.3300
0.5831
0.4230
0.2868
0.0167
0.1165
0.2277
0.2019
0.3748
0.3599
0.2755
0.3781
0.5174
0.4237
0.4746
0.5229
0.4650
0.7720
0.5805
0.8293
0.0400
0.1673
0.2480
0.3638
0.3977
0.3021
0.4248
0.4987
0.5918
0.5388
0.6126
0.5086
0.8276
0.6797
0.8581
0.8101
0.0091
0.1309
0.2629
0.3430
0.2597
0.3301
0.3630
0.3875
0.4167
0.3086
0.2890
0.3489
0.3077
0.5122
0.5260
0.1750
0.0288
0.1398
0.2566
0.3757
0.3852
0.3945
0.4553
0.4186
0.6291
0.4904
0.6434
0.6312
0.6125
0.5615
0.7829
0.7787
0.0593
0.2328
0.2530
0.3688
0.5078
0.5027
0.5332
0.5898
0.5817
0.5454
0.6786
0.6238
0.6641
0.8067
0.8466
0.9296
0.0214
0.1581
0.2279
0.3101
0.3579
0.3920
0.4012
0.3939
0.4105
0.3566
0.6030
0.3989
0.5397
0.3643
0.4202
0.2697
0.0426
0.2344
0.3686
0.4366
0.5190
0.4694
0.5023
0.6008
0.4518
0.7130
0.7387
0.6497
0.7290
0.7386
0.7450
0.8657
0.0967
0.3282
0.3752
0.4153
0.6536
0.6427
0.6721
0.7782
0.7409
0.7374
0.7347
0.6882
0.7889
0.8272
0.9014
0.9820
0.0312
0.1553
0.2439
0.2958
0.3616
0.4208
0.4359
0.4081
0.4580
0.3876
0.3296
0.6935
0.4088
0.5543
0.5412
0.3556
0.0882
0.2336
0.3646
0.4585
0.5969
0.6805
0.6023
0.6769
0.5100
0.7640
0.7682
0.8351
0.7771
0.8443
0.8206
0.8868
0.1116
0.3387
0.4785
0.6110
0.6185
0.7358
0.8104
0.8099
0.8745
0.8552
0.8174
0.9024
0.8693
0.8461
0.9253
0.9395
0.0406
0.1627
0.2968
0.3543
0.4251
0.4599
0.4727
0.5121
0.5044
0.4739
0.3833
0.5080
0.5702
0.5086
0.5986
0.8400
0.1131
0.3441
0.3781
0.5622
0.5951
0.6706
0.7358
0.8286
0.8347
0.8092
0.8189
0.8189
0.8680
0.8993
0.9005
0.9086
0.2006
0.4416
0.6791
0.6462
0.7355
0.7883
0.8703
0.7956
0.8679
0.8904
0.9257
0.8898
0.9067
0.9393
0.9413
0.9488
0.0506
0.1824
0.3534
0.3715
0.4915
0.5536
0.5636
0.4734
0.4991
0.5221
0.5686
0.6324
0.4527
0.5523
0.6340
0.7010
0.1580
0.3983
0.4358
0.5615
0.6595
0.7296
0.7617
0.7953
0.7506
0.8424
0.8321
0.8502
0.8782
0.9073
0.9060
0.9359
0.6038
0.6370
0.5402
0.7279
0.7284
0.7653
0.8220
0.8493
0.8907
0.8615
0.9095
0.9355
0.9302
0.9667
0.9573
0.9728
0.0458
0.1810
0.2765
0.4047
0.4508
0.6376
0.5585
0.5501
0.6527
0.5576
0.5640
0.6888
0.6678
0.6640
0.7324
0.6950
0.2821
0.2651
0.3360
0.5369
0.6009
0.6507
0.6541
0.7438
0.8017
0.8523
0.8313
0.8413
0.8903
0.9190
0.9377
0.9382
1.0000
1.0000
1.0000
1.0000
1.0000
1.0000
1.0000
1.0000
1.0000
1.0000
1.0000
1.0000
1.0000
1.0000
1.0000
1.0000
0.0309
0.1729
0.2732
0.3274
0.4651
0.4720
0.4399
0.4190
0.4973
0.5369
0.5534
0.4682
0.5123
0.5228
0.5297
0.5430
0.2994
0.4070
0.4672
0.4826
0.4919
0.5712
0.7205
0.6741
0.8024
0.7857
0.7887
0.8216
0.8708
0.8770
0.8780
0.8741
0.6038
0.6370
0.5402
0.7279
0.7284
0.7653
0.8220
0.8493
0.8907
0.8615
0.9095
0.9355
0.9302
0.9667
0.9573
0.9728
0.0226
0.1435
0.1985
0.2856
0.3416
0.3797
0.4636
0.3498
0.4064
0.4088
0.4593
0.4783
0.3845
0.3248
0.3584
0.4204
0.1849
0.2950
0.4028
0.4237
0.6389
0.6609
0.6624
0.6541
0.7377
0.7220
0.7477
0.7532
0.8009
0.8403
0.9042
0.9104
0.2006
0.4416
0.6791
0.6462
0.7355
0.7883
0.8703
0.7956
0.8679
0.8904
0.9257
0.8898
0.9067
0.9393
0.9413
0.9488
0.0177
0.1488
0.2578
0.2529
0.3047
0.3146
0.3802
0.2968
0.3584
0.4792
0.4862
0.3455
0.3272
0.3176
0.3374
0.4489
0.0988
0.2219
0.3854
0.4472
0.6944
0.6265
0.5833
0.5899
0.7164
0.7490
0.7323
0.7867
0.8052
0.8430
0.8423
0.9087
0.1116
0.3387
0.4785
0.6110
0.6185
0.7358
0.8104
0.8099
0.8745
0.8552
0.8174
0.9024
0.8693
0.8461
0.9253
0.9395
0.0105
0.1399
0.2412
0.2491
0.2978
0.3590
0.4292
0.2909
0.2900
0.3022
0.3651
0.4936
0.3475
0.3546
0.2426
0.2118
0.0567
0.1727
0.2646
0.4491
0.4708
0.5356
0.5849
0.6430
0.6563
0.6254
0.6772
0.7614
0.6834
0.7293
0.8505
0.9092
0.0967
0.3282
0.3752
0.4153
0.6536
0.6427
0.6721
0.7782
0.7409
0.7374
0.7347
0.6882
0.7889
0.8272
0.9014
0.9820
0.0078
0.1579
0.2052
0.2326
0.2124
0.2813
0.3342
0.2662
0.2812
0.3032
0.2250
0.3251
0.2699
0.3928
0.4007
0.3130
0.0308
0.1788
0.2028
0.2817
0.3679
0.4978
0.4579
0.4207
0.5495
0.5109
0.6120
0.5086
0.6307
0.7288
0.8210
0.9013
0.0593
0.2328
0.2530
0.3688
0.5078
0.5027
0.5332
0.5898
0.5817
0.5454
0.6786
0.6238
0.6641
0.8067
0.8466
0.9296
0.0055
0.1069
0.1800
0.2228
0.2156
0.2844
0.2750
0.2042
0.2090
0.2099
0.2723
0.3450
0.3224
0.3188
0.2547
0.3889
0.0200
0.1207
0.1936
0.2315
0.3545
0.3739
0.2944
0.3691
0.4798
0.5448
0.4938
0.5555
0.5895
0.5589
0.7075
0.8178
0.0400
0.1673
0.2480
0.3638
0.3977
0.3021
0.4248
0.4987
0.5918
0.5388
0.6126
0.5086
0.8276
0.6797
0.8581
0.8101
0.0025
0.0577
0.1147
0.1285
0.1746
0.2008
0.2494
0.1972
0.1764
0.2379
0.2809
0.2028
0.2380
0.2561
0.6021
0.2501
0.0104
0.0521
0.1118
0.1524
0.2101
0.2819
0.2908
0.2475
0.3891
0.4512
0.4937
0.5609
0.4440
0.6985
0.5643
0.8217
0.0191
0.0976
0.1518
0.2298
0.2515
0.4086
0.4141
0.4081
0.4160
0.5009
0.5705
0.6000
0.5704
0.6081
0.7857
0.7707
0.0037
0.0217
0.0405
0.0674
0.0703
0.0451
0.0925
0.0936
0.1001
0.1641
0.1642
0.1127
0.1772
0.0765
0.1447
0.3017
0.0054
0.0214
0.0517
0.0465
0.1204
0.0857
0.1046
0.1180
0.2149
0.1562
0.2372
0.1962
0.4184
0.1899
0.2899
0.2870
0.0085
0.0309
0.0815
0.0927
0.1354
0.1477
0.1830
0.3077
0.1854
0.2414
0.2849
0.3767
0.4599
0.4291
0.2968
0.0575
0.0061
0.0436
0.1108
0.1333
0.2148
0.1323
0.2208
0.1607
0.2526
0.2052
0.2380
0.3079
0.1876
0.2139
0.1864
0.2943
0.0119
0.0558
0.1162
0.1385
0.1658
0.2674
0.1890
0.1940
0.1903
0.2453
0.3589
0.3417
0.3618
0.3341
0.2152
0.4236
0.0159
0.0924
0.1920
0.2283
0.2256
0.1975
0.3996
0.3569
0.4735
0.4152
0.4421
0.4652
0.4253
0.4639
0.2489
0.4196
0.0092
0.1486
0.2304
0.2718
0.2874
0.3553
0.3463
0.3712
0.3028
0.4017
0.3607
0.4666
0.4178
0.4024
0.4327
0.4118
0.0307
0.1505
0.2607
0.3081
0.3583
0.4285
0.4150
0.4317
0.4595
0.4430
0.4516
0.4737
0.5109
0.6034
0.5081
0.5357
0.0485
0.2399
0.3919
0.4192
0.4683
0.5255
0.5066
0.6007
0.6001
0.5802
0.5966
0.6701
0.5900
0.6798
0.7439
0.7311
0.0168
0.2215
0.2978
0.3348
0.5136
0.4786
0.5116
0.4980
0.5355
0.6016
0.5250
0.5758
0.4390
0.4991
0.6558
0.5703
0.0797
0.2577
0.3891
0.4639
0.4887
0.5565
0.5981
0.6144
0.6615
0.6062
0.6257
0.7312
0.7092
0.6945
0.7297
0.7502
0.0927
0.4376
0.5200
0.6118
0.6850
0.7201
0.7372
0.6612
0.7575
0.7578
0.7509
0.8256
0.8092
0.7970
0.8816
0.8532
0.0232
0.3310
0.4561
0.5453
0.5841
0.5054
0.5856
0.6139
0.5561
0.6558
0.6865
0.6708
0.6956
0.6152
0.6808
0.7433
0.1653
0.4207
0.5152
0.6471
0.6796
0.6721
0.7070
0.7919
0.7030
0.7612
0.7404
0.7898
0.8619
0.8353
0.8521
0.8772
0.2081
0.6415
0.6227
0.7722
0.7752
0.7878
0.8258
0.8465
0.8840
0.8940
0.9128
0.8851
0.9253
0.9142
0.9261
0.9342
0.0352
0.3447
0.4975
0.4832
0.6876
0.6190
0.6197
0.7294
0.6951
0.7054
0.7622
0.7715
0.7135
0.7216
0.7549
0.6983
0.1160
0.4900
0.7163
0.7413
0.7851
0.7870
0.7954
0.8723
0.8427
0.8412
0.8613
0.8805
0.8697
0.8871
0.8893
0.8948
0.1021
0.6147
0.7873
0.8388
0.8489
0.8845
0.8881
0.9232
0.9351
0.9482
0.9402
0.9577
0.9618
0.9527
0.9537
0.9726
0.0481
0.3128
0.4385
0.5573
0.6495
0.6747
0.7662
0.7546
0.7906
0.7121
0.8081
0.7334
0.7954
0.7641
0.7537
0.8373
0.0991
0.6102
0.7614
0.8183
0.8891
0.8693
0.9097
0.9044
0.9181
0.9313
0.9256
0.9310
0.9423
0.9598
0.9559
0.9600
0.1317
0.7681
0.8686
0.8703
0.9114
0.9381
0.9431
0.9590
0.9622
0.9793
0.9769
0.9742
0.9821
0.9762
0.9823
0.9875
0.0828
0.3488
0.5490
0.6603
0.7105
0.7686
0.7798
0.7786
0.8600
0.8357
0.8267
0.8274
0.8511
0.8806
0.8104
0.8600
0.5098
0.8848
0.8884
0.9189
0.9430
0.9625
0.9708
0.9730
0.9728
0.9765
0.9846
0.9875
0.9913
0.9937
0.9965
0.9976
0.6654
0.9524
0.9678
0.9716
0.9826
0.9809
0.9897
0.9911
0.9919
0.9928
0.9949
0.9959
0.9969
0.9980
0.9990
0.9994
0.0679
0.3496
0.5191
0.6761
0.6975
0.7860
0.8212
0.8533
0.8733
0.8693
0.8758
0.9115
0.8976
0.8952
0.8983
0.9251
0.2686
0.8793
0.9069
0.9347
0.9221
0.9511
0.9679
0.9747
0.9756
0.9817
0.9879
0.9901
0.9926
0.9963
0.9983
0.9993
0.0952
0.8105
0.8760
0.8999
0.9379
0.9529
0.9771
0.9793
0.9750
0.9879
0.9903
0.9936
0.9958
0.9975
0.9990
0.9998
0.0520
0.2524
0.4914
0.5755
0.6156
0.6648
0.7629
0.7772
0.7579
0.8200
0.8577
0.8269
0.8143
0.8330
0.8049
0.8843
0.2238
0.8263
0.8704
0.8936
0.9129
0.9378
0.9497
0.9531
0.9690
0.9710
0.9740
0.9852
0.9877
0.9903
0.9946
0.9962
0.4262
0.9018
0.9371
0.9581
0.9737
0.9766
0.9795
0.9849
0.9906
0.9932
0.9930
0.9937
0.9952
0.9972
0.9985
0.9995
0.0570
0.2096
0.3209
0.4091
0.4815
0.4583
0.5092
0.6037
0.6153
0.5893
0.5435
0.6849
0.6125
0.6056
0.5000
0.7195
0.1214
0.3963
0.5775
0.6893
0.6673
0.7818
0.8319
0.8288
0.8766
0.8650
0.8828
0.8941
0.8931
0.9106
0.9330
0.9343
0.1627
0.5289
0.7609
0.7770
0.8621
0.8580
0.9137
0.9399
0.9457
0.9532
0.9535
0.9691
0.9667
0.9683
0.9813
0.9736
0.0405
0.1653
0.2300
0.3283
0.2949
0.3784
0.3568
0.2733
0.3977
0.2833
0.2956
0.1467
0.3574
0.3110
0.3257
0.5116
0.0538
0.2957
0.3691
0.4951
0.5830
0.6336
0.6114
0.7006
0.7523
0.7144
0.7327
0.7559
0.8070
0.7551
0.7865
0.8186
0.0533
0.3682
0.5597
0.6851
0.7392
0.7318
0.7856
0.7970
0.8542
0.8768
0.8800
0.9048
0.9016
0.9077
0.9139
0.9303
0.0322
0.0774
0.0791
0.0611
0.0840
0.0597
0.2174
0.1058
0.0597
0.0655
0.1004
0.0811
0.0433
0.0746
0.0420
0.0177
0.0255
0.1499
0.2159
0.3509
0.3292
0.4490
0.4669
0.4792
0.5356
0.5338
0.5578
0.5277
0.6105
0.5279
0.5792
0.7087
0.0394
0.2651
0.4120
0.5255
0.5601
0.5172
0.6198
0.6279
0.6232
0.7632
0.7087
0.7116
0.7699
0.7468
0.8018
0.8102
0.0129
0.0405
0.0407
0.0401
0.0252
0.0353
0.0501
0.0370
0.0318
0.0393
0.0438
0.0333
0.0316
0.0257
0.0404
0.0206
0.0215
0.0839
0.1229
0.1479
0.1630
0.2042
0.1884
0.2713
0.2557
0.2545
0.2867
0.2991
0.3004
0.2718
0.3777
0.3252
0.0407
0.1338
0.2152
0.2241
0.2798
0.3262
0.3573
0.3876
0.3971
0.4244
0.3604
0.4442
0.5046
0.5097
0.5326
0.5850
0.0046
0.0125
0.0137
0.0176
0.0155
0.0151
0.0163
0.0131
0.0217
0.0220
0.0110
0.0124
0.0155
0.0125
0.0084
0.0166
0.0084
0.0361
0.0522
0.0599
0.0666
0.0873
0.0723
0.0783
0.0992
0.0946
0.0917
0.1052
0.1088
0.1063
0.1154
0.1157
0.0130
0.0615
0.0790
0.1114
0.1115
0.1550
0.1473
0.1807
0.1613
0.1743
0.1931
0.1783
0.2250
0.2016
0.2405
0.2416
0.0013
0.0040
0.0055
0.0044
0.0063
0.0044
0.0088
0.0071
0.0057
0.0251
0.0043
0.0070
0.0100
0.0041
0.0064
0.0024
0.0032
0.0134
0.0166
0.0196
0.0171
0.0225
0.0198
0.0254
0.0272
0.0278
0.0371
0.0302
0.0314
0.0325
0.0333
0.0285
0.0055
0.0217
0.0280
0.0333
0.0344
0.0384
0.0461
0.0422
0.0466
0.0490
0.0472
0.0383
0.0640
0.0502
0.0748
0.0910
0.0006
0.0024
0.0023
0.0029
0.0021
0.0029
0.0044
0.0084
0.0026
0.0038
0.0253
0.0145
0.0060
0.0026
0.0029
0.0029
0.0020
0.0055
0.0072
0.0071
0.0058
0.0091
0.0094
0.0137
0.0123
0.0127
0.0114
0.0178
0.0188
0.0355
0.0178
0.0262
0.0059
0.0172
0.0201
0.0202
0.0210
0.0333
0.0195
0.0362
0.0248
0.0262
0.0274
0.0237
0.0385
0.0287
0.0208
0.0034
0.0009
0.0030
0.0034
0.0067
0.0063
0.0078
0.0265
0.0029
0.0032
0.0061
0.0063
0.0038
0.0052
0.0042
0.0119
0.0101
0.0019
0.0093
0.0120
0.0133
0.0140
0.0172
0.0190
0.0260
0.0273
0.0215
0.0437
0.0365
0.0377
0.0616
0.0556
0.0589
0.0036
0.0174
0.0158
0.0292
0.0262
0.0295
0.0290
0.0296
0.0395
0.0527
0.0366
0.0438
0.0851
0.0627
0.1254
0.2470
0.0021
0.0098
0.0102
0.0121
0.0220
0.0083
0.0167
0.0051
0.0033
0.0380
0.0198
0.0250
0.0135
0.0079
0.0180
0.0189
0.0031
0.0173
0.0253
0.0456
0.0440
0.0624
0.0603
0.0630
0.0670
0.0991
0.0746
0.0958
0.0796
0.0978
0.0738
0.1474
0.0050
0.0260
0.0408
0.0575
0.0536
0.0794
0.0959
0.1038
0.0885
0.1314
0.0856
0.1577
0.2148
0.1939
0.2594
0.3710
0.0037
0.0232
0.0368
0.0257
0.0162
0.0838
0.0627
0.0303
0.0316
0.0611
0.0444
0.0517
0.0308
0.0298
0.0607
0.0276
0.0055
0.0257
0.0630
0.0624
0.0744
0.1019
0.0862
0.1467
0.1252
0.1547
0.1560
0.1485
0.1432
0.2537
0.2352
0.1820
0.0083
0.0462
0.0521
0.0654
0.1196
0.1506
0.1338
0.1333
0.1726
0.1833
0.2299
0.2987
0.2704
0.4273
0.3923
0.5106
0.0056
0.0415
0.0670
0.0774
0.0727
0.0834
0.0616
0.1289
0.0552
0.0567
0.1727
0.0741
0.0644
0.0580
0.0596
0.0417
0.0066
0.0600
0.1012
0.1265
0.1428
0.1235
0.1407
0.2340
0.1915
0.2941
0.2604
0.3267
0.4111
0.2644
0.3183
0.3718
0.0052
0.0724
0.0942
0.1375
0.1647
0.1977
0.2361
0.2370
0.3224
0.3498
0.3482
0.3230
0.3289
0.5640
0.5853
0.7136
0.0076
0.0611
0.0976
0.1197
0.1190
0.2173
0.1730
0.1642
0.0726
0.1050
0.1603
0.1309
0.0325
0.0898
0.2564
0.0831
0.0099
0.0783
0.1584
0.2173
0.2687
0.2382
0.2664
0.2776
0.2832
0.3025
0.4225
0.4201
0.4068
0.3907
0.4013
0.4642
0.0097
0.0870
0.1764
0.2064
0.2401
0.2800
0.4072
0.4890
0.3307
0.4612
0.5031
0.5516
0.4516
0.6650
0.7513
0.7544
0.0134
0.0942
0.1892
0.1696
0.1325
0.1883
0.2242
0.2966
0.1312
0.2147
0.2143
0.2921
0.2399
0.0880
0.2439
0.1297
0.0193
0.1491
0.1733
0.2897
0.3567
0.2815
0.3589
0.4506
0.3903
0.5138
0.5738
0.6213
0.6514
0.5821
0.5895
0.6516
0.0187
0.1631
0.1773
0.2694
0.3845
0.4270
0.5224
0.5675
0.5184
0.6333
0.6167
0.6418
0.7347
0.7711
0.8409
0.8405
0.0170
0.1428
0.2366
0.2036
0.2785
0.3244
0.3177
0.2308
0.3208
0.2012
0.4246
0.4372
0.4202
0.4536
0.1828
0.4526
0.0120
0.1636
0.2023
0.3163
0.4373
0.4470
0.5560
0.6503
0.6588
0.6695
0.6867
0.7361
0.7162
0.7200
0.7062
0.8481
0.0165
0.1786
0.2412
0.3155
0.4471
0.5167
0.6651
0.6736
0.7618
0.6878
0.7871
0.8174
0.8217
0.8831
0.8862
0.9328
0.0171
0.1403
0.1995
0.2748
0.2735
0.3600
0.4313
0.5821
0.5135
0.5274
0.5056
0.5289
0.3298
0.4608
0.8160
0.6716
0.0143
0.1549
0.1920
0.3442
0.3955
0.4710
0.5096
0.6374
0.7061
0.7259
0.7553
0.7148
0.7501
0.7476
0.8403
0.8697
0.0091
0.1660
0.2890
0.4214
0.5442
0.5273
0.5967
0.8053
0.7311
0.7732
0.8389
0.8762
0.8516
0.9071
0.8988
0.9116
0.0216
0.1147
0.1437
0.1837
0.1860
0.2052
0.2914
0.4592
0.3238
0.1766
0.4177
0.5149
0.4913
0.3287
0.3291
0.5822
0.0252
0.1356
0.1977
0.2264
0.2984
0.3714
0.4158
0.4691
0.5090
0.5692
0.5299
0.5945
0.6773
0.7340
0.7033
0.6611
0.0374
0.1835
0.3661
0.3693
0.4196
0.5107
0.5605
0.5925
0.6632
0.7741
0.7773
0.7144
0.7658
0.8379
0.8879
0.8795
0.0125
0.0643
0.1027
0.1180
0.1029
0.1300
0.1326
0.1247
0.1516
0.0997
0.1729
0.1542
0.3318
0.0683
0.2001
0.0532
0.0110
0.1095
0.1607
0.2390
0.2379
0.3018
0.2791
0.3214
0.3169
0.3529
0.4570
0.4243
0.4132
0.4297
0.5267
0.4446
0.0200
0.1714
0.2696
0.3261
0.3940
0.4512
0.5370
0.5507
0.6568
0.6493
0.6310
0.6035
0.6589
0.6675
0.7831
0.7751
0.0118
0.0478
0.0699
0.0826
0.1071
0.1173
0.0971
0.0767
0.0586
0.1442
0.1852
0.1370
0.0887
0.0731
0.1815
0.1286
0.0135
0.0946
0.1520
0.2472
0.2781
0.2568
0.2997
0.3170
0.4463
0.3469
0.2970
0.3335
0.3930
0.4121
0.4742
0.4259
0.0166
0.1566
0.2741
0.3818
0.4675
0.5175
0.5392
0.4959
0.5639
0.5919
0.6004
0.5637
0.7418
0.6457
0.7544
0.7881
0.0215
0.0615
0.0600
0.0586
0.0838
0.0798
0.1073
0.0891
0.0800
0.1103
0.0813
0.1060
0.0840
0.0884
0.0594
0.0971
0.0203
0.1003
0.1804
0.2443
0.2460
0.3270
0.3270
0.2645
0.3136
0.3511
0.3534
0.3594
0.3887
0.4096
0.5482
0.2712
0.0372
0.1748
0.2652
0.3855
0.4955
0.4699
0.4487
0.4986
0.4695
0.5869
0.5704
0.5051
0.6830
0.7847
0.6189
0.6939
0.0146
0.0675
0.0854
0.0894
0.0862
0.0729
0.0789
0.1055
0.1172
0.0952
0.0635
0.1009
0.0929
0.1191
0.0917
0.0804
0.0191
0.0971
0.1540
0.1807
0.2113
0.2154
0.3241
0.2483
0.2056
0.3853
0.2855
0.2993
0.3066
0.3263
0.3731
0.4075
0.0256
0.1696
0.2267
0.2886
0.3773
0.3838
0.4333
0.4981
0.4674
0.3381
0.4846
0.5236
0.5475
0.4722
0.7239
0.7440
0.0106
0.0438
0.0724
0.0827
0.0543
0.0962
0.0681
0.0889
0.0720
0.1024
0.0567
0.0548
0.1211
0.0911
0.0817
0.1464
0.0157
0.0845
0.0940
0.1238
0.1440
0.1568
0.2456
0.2166
0.2177
0.2329
0.3078
0.2122
0.2121
0.3082
0.3872
0.2924
0.0272
0.1216
0.1929
0.2207
0.2118
0.3268
0.3369
0.3297
0.3730
0.4461
0.3678
0.4028
0.5131
0.6946
0.5902
0.5328
0.0060
0.0315
0.0455
0.0451
0.0560
0.0658
0.0445
0.0630
0.0714
0.0543
0.0944
0.1111
0.1042
0.1465
0.0309
0.0987
0.0093
0.0250
0.0647
0.0876
0.1089
0.1001
0.1749
0.1426
0.1660
0.2791
0.2325
0.2840
0.2681
0.2989
0.3273
0.2797
0.0191
0.0477
0.1232
0.1142
0.2069
0.2385
0.3112
0.3194
0.3189
0.2479
0.3845
0.3592
0.3712
0.6010
0.3282
0.3559
0.0034
0.0180
0.0184
0.0224
0.0201
0.0169
0.0241
0.0183
0.0299
0.0446
0.0211
0.0182
0.0296
0.0310
0.0407
0.0283
0.0033
0.0129
0.0188
0.0175
0.0090
0.0138
0.0252
0.0231
0.0289
0.0370
0.0229
0.0356
0.0461
0.0285
0.0188
0.0159
0.0191
0.0191
0.0191
0.0191
0.0191
0.0191
0.0191
0.0191
0.0191
0.0191
0.0191
0.0191
0.0191
0.0191
0.0191
0.0191
0.0045
0.0231
0.0335
0.0435
0.0337
0.0423
0.0320
0.0339
0.0607
0.0367
0.0428
0.0369
0.0369
0.0396
0.0203
0.0402
0.0055
0.0174
0.0207
0.0268
0.0445
0.0547
0.0434
0.0463
0.0670
0.0441
0.0416
0.0646
0.0708
0.0749
0.0501
0.0771
0.0150
0.0270
0.0285
0.0357
0.0270
0.0317
0.0463
0.0386
0.0444
0.0466
0.0427
0.0616
0.0947
0.0753
0.0234
0.0433
0.0045
0.0307
0.0474
0.0510
0.0502
0.0608
0.0558
0.0466
0.0695
0.0664
0.0786
0.0509
0.0460
0.0699
0.0627
0.0788
0.0039
0.0361
0.0544
0.0636
0.0878
0.0842
0.0744
0.0985
0.0828
0.0810
0.0989
0.0944
0.0561
0.0703
0.0921
0.1367
0.0054
0.0583
0.0667
0.0794
0.1324
0.0937
0.1183
0.0609
0.1161
0.1328
0.1366
0.1634
0.1294
0.1407
0.0968
0.1287
0.0047
0.0298
0.0501
0.0630
0.0483
0.0908
0.0758
0.0761
0.0559
0.0814
0.0897
0.0620
0.0965
0.0659
0.1165
0.0927
0.0050
0.0525
0.0586
0.0872
0.0803
0.0827
0.1138
0.1101
0.1286
0.1077
0.1003
0.0717
0.1299
0.1213
0.1023
0.0735
0.0062
0.0864
0.0936
0.1260
0.1208
0.1558
0.1328
0.1684
0.1617
0.1969
0.1905
0.1986
0.1743
0.1708
0.1989
0.1354
0.0058
0.0265
0.0521
0.0857
0.0655
0.0870
0.0905
0.0462
0.1644
0.0954
0.1452
0.1197
0.1088
0.0934
0.0699
0.1274
0.0088
0.0540
0.0670
0.1350
0.1427
0.1001
0.0983
0.1160
0.1910
0.1333
0.1236
0.1182
0.1293
0.1406
0.1359
0.1560
0.0078
0.0731
0.1085
0.1397
0.2117
0.1483
0.2709
0.1754
0.2101
0.2265
0.1690
0.2759
0.1960
0.2322
0.2853
0.2334
0.0032
0.0317
0.0752
0.0690
0.0913
0.0738
0.1079
0.1148
0.1890
0.0792
0.1251
0.0772
0.0974
0.2474
0.1531
0.1038
0.0031
0.0633
0.0680
0.0784
0.1329
0.3079
0.1235
0.1126
0.1333
0.2542
0.1975
0.1765
0.2774
0.1267
0.3318
0.1674
0.0029
0.0635
0.1378
0.1661
0.1594
0.2094
0.2847
0.1452
0.2212
0.3605
0.2888
0.1657
0.4846
0.2485
0.2277
0.3021
0.0037
0.0428
0.0803
0.0754
0.1035
0.1487
0.1344
0.1220
0.1611
0.1366
0.1433
0.1824
0.1181
0.2703
0.1632
0.0617
0.0042
0.0779
0.0779
0.1131
0.1872
0.2590
0.1433
0.2377
0.1515
0.1993
0.2764
0.4243
0.2198
0.1967
0.2871
0.1587
0.0027
0.0825
0.0979
0.1707
0.1738
0.2117
0.2434
0.2437
0.2849
0.4302
0.4477
0.2679
0.3648
0.3490
0.4498
0.4185
0.0056
0.0509
0.1023
0.1467
0.1588
0.2028
0.2098
0.2790
0.2215
0.2727
0.2305
0.3574
0.2738
0.2789
0.2513
0.2676
0.0064
0.0683
0.0926
0.1832
0.2524
0.2596
0.3233
0.3150
0.3600
0.4572
0.3545
0.3262
0.5337
0.5691
0.5423
0.5794
0.0081
0.0506
0.1361
0.2119
0.2756
0.3390
0.4329
0.4926
0.3812
0.4866
0.6137
0.5265
0.5900
0.6961
0.8163
0.6855
0.0036
0.0437
0.1159
0.1202
0.2294
0.1900
0.1944
0.5024
0.3069
0.3862
0.4566
0.4607
0.4164
0.4463
0.4257
0.6210
0.0031
0.0541
0.1058
0.1268
0.1586
0.1961
0.3557
0.3880
0.4135
0.4189
0.6313
0.6341
0.6729
0.7143
0.7099
0.7360
0.0017
0.0628
0.0941
0.1087
0.2603
0.3671
0.3728
0.4866
0.4392
0.6277
0.6419
0.6362
0.6936
0.7996
0.8543
0.8144
0.0039
0.0436
0.0685
0.1131
0.1682
0.1826
0.1554
0.2740
0.1880
0.2579
0.2648
0.1788
0.1428
0.1477
0.1262
0.0742
0.0028
0.0355
0.0510
0.1066
0.1585
0.1526
0.1836
0.2494
0.2795
0.2879
0.2607
0.4165
0.3810
0.5121
0.4591
0.5151
0.0042
0.0394
0.0858
0.0915
0.2147
0.2306
0.2432
0.2876
0.3041
0.4316
0.4696
0.5021
0.4918
0.6770
0.7319
0.7810
0.0040
0.0248
0.0300
0.0406
0.0469
0.0448
0.0503
0.0624
0.0384
0.0422
0.0609
0.0180
0.1134
0.0834
0.0885
0.0136
0.0031
0.0212
0.0498
0.0533
0.0531
0.0736
0.0887
0.0907
0.1240
0.1363
0.0888
0.1375
0.1817
0.1361
0.1240
0.1229
0.0028
0.0324
0.0359
0.0788
0.0937
0.0914
0.1536
0.1583
0.1552
0.1446
0.1768
0.3443
0.2096
0.2615
0.3373
0.3129
0.0026
0.0074
0.0111
0.0106
0.0116
0.0374
0.0144
0.0217
0.0195
0.0183
0.0267
0.0128
0.0065
0.0354
0.0158
0.0196
0.0017
0.0130
0.0166
0.0247
0.0411
0.0361
0.0517
0.0561
0.0488
0.0487
0.0841
0.0654
0.0804
0.0510
0.0450
0.0497
0.0016
0.0169
0.0280
0.0765
0.0640
0.0540
0.0796
0.0870
0.0549
0.0703
0.1024
0.1472
0.1156
0.0910
0.1383
0.0852
0.0017
0.0033
0.0035
0.0032
0.0071
0.0044
0.0055
0.0021
0.0037
0.0046
0.0026
0.0029
0.0035
0.0040
0.0044
0.0059
0.0012
0.0085
0.0121
0.0213
0.0231
0.0247
0.0168
0.0215
0.0295
0.0311
0.0225
0.0253
0.0268
0.0197
0.0340
0.0179
0.0014
0.0144
0.0275
0.0269
0.0390
0.0357
0.0384
0.0320
0.0338
0.0464
0.0497
0.0366
0.0938
0.0460
0.0768
0.0809
0.0010
0.0016
0.0012
0.0019
0.0013
0.0018
0.0019
0.0020
0.0015
0.0012
0.0019
0.0009
0.0017
0.0012
0.0016
0.0009
0.0012
0.0045
0.0064
0.0075
0.0074
0.0071
0.0087
0.0101
0.0070
0.0105
0.0142
0.0130
0.0163
0.0164
0.0082
0.0213
0.0016
0.0075
0.0100
0.0095
0.0141
0.0201
0.0161
0.0218
0.0253
0.0319
0.0232
0.0079
0.0185
0.0214
0.0305
0.0091
0.0004
0.0005
0.0004
0.0005
0.0005
0.0005
0.0010
0.0007
0.0008
0.0007
0.0008
0.0007
0.0018
0.0009
0.0019
0.0018
0.0004
0.0017
0.0027
0.0026
0.0026
0.0024
0.0039
0.0025
0.0036
0.0048
0.0044
0.0045
0.0037
0.0029
0.0034
0.0035
0.0004
0.0031
0.0035
0.0049
0.0046
0.0059
0.0059
0.0067
0.0074
0.0041
0.0099
0.0067
0.0095
0.0058
0.0054
0.0123
0.0001
0.0002
0.0003
0.0002
0.0003
0.0005
0.0004
0.0003
0.0006
0.0013
0.0018
0.0004
0.0008
0.0003
0.0002
0.0003
0.0002
0.0007
0.0008
0.0009
0.0012
0.0009
0.0014
0.0010
0.0008
0.0009
0.0010
0.0009
0.0008
0.0007
0.0009
0.0018
0.0003
0.0009
0.0011
0.0014
0.0011
0.0015
0.0018
0.0023
0.0023
0.0028
0.0020
0.0018
0.0018
0.0021
0.0025
0.0018
0.0001
0.0001
0.0002
0.0003
0.0002
0.0002
0.0002
0.0003
0.0002
0.0011
0.0002
0.0002
0.0004
0.0009
0.0004
0.0008
0.0003
0.0004
0.0006
0.0003
0.0004
0.0005
0.0006
0.0005
0.0006
0.0011
0.0007
0.0006
0.0006
0.0007
0.0004
0.0010
0.0009
0.0009
0.0009
0.0009
0.0009
0.0009
0.0009
0.0009
0.0009
0.0009
0.0009
0.0009
0.0009
0.0009
0.0009
0.0009
0.0001
0.0002
0.0004
0.0003
0.0003
0.0002
0.0009
0.0002
0.0005
0.0008
0.0005
0.0004
0.0004
0.0006
0.0005
0.0004
0.0002
0.0006
0.0010
0.0011
0.0013
0.0009
0.0010
0.0017
0.0013
0.0010
0.0018
0.0017
0.0017
0.0009
0.0015
0.0036
0.0003
0.0009
0.0011
0.0014
0.0011
0.0015
0.0018
0.0023
0.0023
0.0028
0.0020
0.0018
0.0018
0.0021
0.0025
0.0018
0.0004
0.0011
0.0010
0.0018
0.0008
0.0010
0.0020
0.0024
0.0021
0.0009
0.0024
0.0038
0.0012
0.0010
0.0010
0.0023
0.0005
0.0023
0.0028
0.0029
0.0041
0.0048
0.0055
0.0054
0.0040
0.0018
0.0035
0.0056
0.0037
0.0036
0.0042
0.0055
0.0004
0.0031
0.0035
0.0049
0.0046
0.0059
0.0059
0.0067
0.0074
0.0041
0.0099
0.0067
0.0095
0.0058
0.0054
0.0123
0.0009
0.0024
0.0048
0.0045
0.0022
0.0072
0.0049
0.0029
0.0053
0.0039
0.0083
0.0025
0.0038
0.0018
0.0175
0.0038
0.0013
0.0046
0.0067
0.0079
0.0102
0.0108
0.0077
0.0089
0.0199
0.0167
0.0092
0.0092
0.0151
0.0115
0.0131
0.0134
0.0016
0.0075
0.0100
0.0095
0.0141
0.0201
0.0161
0.0218
0.0253
0.0319
0.0232
0.0079
0.0185
0.0214
0.0305
0.0091
0.0013
0.0052
0.0070
0.0103
0.0123
0.0110
0.0217
0.0058
0.0162
0.0126
0.0156
0.0198
0.0094
0.0268
0.0087
0.0504
0.0012
0.0103
0.0100
0.0230
0.0250
0.0230
0.0215
0.0233
0.0371
0.0249
0.0392
0.0584
0.0256
0.0247
0.0396
0.0422
0.0014
0.0144
0.0275
0.0269
0.0390
0.0357
0.0384
0.0320
0.0338
0.0464
0.0497
0.0366
0.0938
0.0460
0.0768
0.0809
0.0017
0.0100
0.0228
0.0295
0.0288
0.0199
0.0266
0.0198
0.0233
0.0278
0.0376
0.0387
0.0085
0.0145
0.0512
0.0083
0.0014
0.0131
0.0277
0.0505
0.0339
0.0591
0.0502
0.0300
0.0357
0.0682
0.0766
0.0489
0.0778
0.0447
0.0730
0.0413
0.0016
0.0169
0.0280
0.0765
0.0640
0.0540
0.0796
0.0870
0.0549
0.0703
0.1024
0.1472
0.1156
0.0910
0.1383
0.0852
0.0030
0.0149
0.0457
0.0426
0.0337
0.0463
0.0723
0.0680
0.0196
0.0658
0.0454
0.0264
0.0453
0.0887
0.0526
0.0743
0.0028
0.0172
0.0372
0.0491
0.0875
0.0838
0.0765
0.0773
0.1121
0.1314
0.1719
0.1064
0.1947
0.1909
0.1285
0.2499
0.0028
0.0324
0.0359
0.0788
0.0937
0.0914
0.1536
0.1583
0.1552
0.1446
0.1768
0.3443
0.2096
0.2615
0.3373
0.3129
0.0029
0.0330
0.0721
0.0531
0.1042
0.1371
0.2095
0.1569
0.1972
0.1972
0.2262
0.1278
0.1946
0.1400
0.2139
0.0986
0.0030
0.0288
0.0562
0.1074
0.1266
0.1933
0.1974
0.2931
0.2369
0.3179
0.3297
0.4024
0.3257
0.4715
0.4470
0.6347
0.0042
0.0394
0.0858
0.0915
0.2147
0.2306
0.2432
0.2876
0.3041
0.4316
0.4696
0.5021
0.4918
0.6770
0.7319
0.7810
0.0034
0.0445
0.1285
0.1391
0.1601
0.1892
0.4243
0.3163
0.3500
0.3708
0.4275
0.4457
0.3772
0.1294
0.5863
0.3622
0.0024
0.0340
0.0727
0.1439
0.1938
0.2380
0.3329
0.3332
0.3974
0.5353
0.6406
0.4729
0.6245
0.7257
0.7848
0.8272
0.0017
0.0628
0.0941
0.1087
0.2603
0.3671
0.3728
0.4866
0.4392
0.6277
0.6419
0.6362
0.6936
0.7996
0.8543
0.8144
0.0054
0.0387
0.0887
0.1129
0.1284
0.1631
0.2310
0.2133
0.1553
0.1256
0.2000
0.4363
0.2526
0.3620
0.2614
0.4151
0.0042
0.0540
0.0842
0.1087
0.1684
0.2082
0.2402
0.2991
0.3768
0.4245
0.2933
0.5840
0.4771
0.6856
0.6026
0.6080
0.0081
0.0506
0.1361
0.2119
0.2756
0.3390
0.4329
0.4926
0.3812
0.4866
0.6137
0.5265
0.5900
0.6961
0.8163
0.6855
0.0033
0.0251
0.0549
0.0608
0.0863
0.0487
0.0923
0.0762
0.1140
0.0911
0.1416
0.2169
0.0495
0.1096
0.0855
0.0531
0.0022
0.0407
0.0703
0.0684
0.1052
0.1413
0.1675
0.2134
0.1749
0.2157
0.3539
0.2603
0.3186
0.2978
0.2486
0.1774
0.0027
0.0825
0.0979
0.1707
0.1738
0.2117
0.2434
0.2437
0.2849
0.4302
0.4477
0.2679
0.3648
0.3490
0.4498
0.4185
0.0030
0.0238
0.0352
0.0497
0.0465
0.0267
0.0426
0.0695
0.0946
0.0528
0.0581
0.0384
0.0809
0.0926
0.0316
0.0578
0.0029
0.0396
0.0491
0.0887
0.1129
0.1093
0.1742
0.1408
0.1735
0.1356
0.1956
0.1534
0.1125
0.1760
0.2467
0.1228
0.0029
0.0635
0.1378
0.1661
0.1594
0.2094
0.2847
0.1452
0.2212
0.3605
0.2888
0.1657
0.4846
0.2485
0.2277
0.3021
0.0045
0.0204
0.0327
0.0325
0.0358
0.0355
0.0592
0.0444
0.0488
0.0921
0.0521
0.1247
0.0443
0.0760
0.0406
0.0610
0.0055
0.0448
0.0705
0.0843
0.1206
0.1188
0.1707
0.1206
0.1379
0.1441
0.1925
0.1204
0.1020
0.1669
0.1358
0.0913
0.0078
0.0731
0.1085
0.1397
0.2117
0.1483
0.2709
0.1754
0.2101
0.2265
0.1690
0.2759
0.1960
0.2322
0.2853
0.2334
0.0041
0.0231
0.0301
0.0387
0.0415
0.0427
0.0310
0.0357
0.0483
0.0360
0.0356
0.0435
0.0347
0.0744
0.0342
0.0775
0.0050
0.0535
0.0628
0.0875
0.0831
0.0899
0.0899
0.0787
0.1160
0.1281
0.1582
0.1425
0.1551
0.1164
0.0981
0.0988
0.0062
0.0864
0.0936
0.1260
0.1208
0.1558
0.1328
0.1684
0.1617
0.1969
0.1905
0.1986
0.1743
0.1708
0.1989
0.1354
0.0040
0.0197
0.0245
0.0374
0.0236
0.0308
0.0376
0.0338
0.0405
0.0357
0.0485
0.0422
0.0460
0.0239
0.0478
0.0491
0.0049
0.0378
0.0465
0.0624
0.0763
0.0921
0.0665
0.0668
0.0950
0.0855
0.0804
0.0953
0.0968
0.0564
0.0606
0.1033
0.0054
0.0583
0.0667
0.0794
0.1324
0.0937
0.1183
0.0609
0.1161
0.1328
0.1366
0.1634
0.1294
0.1407
0.0968
0.1287
0.0045
0.0186
0.0224
0.0210
0.0201
0.0304
0.0302
0.0228
0.0277
0.0301
0.0300
0.0259
0.0383
0.0283
0.0525
0.0320
0.0055
0.0183
0.0221
0.0308
0.0376
0.0389
0.0441
0.0497
0.0477
0.0583
0.0509
0.0441
0.0499
0.0495
0.0553
0.0384
0.0150
0.0270
0.0285
0.0357
0.0270
0.0317
0.0463
0.0386
0.0444
0.0466
0.0427
0.0616
0.0947
0.0753
0.0234
0.0433
0.0052
0.0165
0.0222
0.0322
0.0196
0.0180
0.0323
0.0864
0.0775
0.1750
0.1044
0.1007
0.3154
0.1445
0.0965
0.0979
0.0106
0.0150
0.0367
0.0511
0.1214
0.0714
0.1427
0.0761
0.0719
0.1531
0.1558
0.2795
0.0714
0.1157
0.0326
0.2177
0.0085
0.0309
0.0815
0.0927
0.1354
0.1477
0.1830
0.3077
0.1854
0.2414
0.2849
0.3767
0.4599
0.4291
0.2968
0.0575
0.0088
0.0541
0.0640
0.0986
0.1055
0.0916
0.0894
0.1066
0.0395
0.0984
0.1340
0.0454
0.1436
0.0549
0.0290
0.1043
0.0168
0.0606
0.0628
0.0762
0.0846
0.0989
0.2006
0.1442
0.2029
0.2357
0.2432
0.1866
0.1780
0.1838
0.3448
0.4003
0.0191
0.0477
0.1232
0.1142
0.2069
0.2385
0.3112
0.3194
0.3189
0.2479
0.3845
0.3592
0.3712
0.6010
0.3282
0.3559
0.0116
0.0928
0.1192
0.1347
0.1429
0.1245
0.1277
0.1771
0.1637
0.0744
0.1235
0.1360
0.1783
0.0753
0.2430
0.1300
0.0178
0.0975
0.1442
0.1835
0.2591
0.2799
0.2439
0.2981
0.2497
0.4686
0.3133
0.3344
0.5010
0.3726
0.4957
0.7163
0.0272
0.1216
0.1929
0.2207
0.2118
0.3268
0.3369
0.3297
0.3730
0.4461
0.3678
0.4028
0.5131
0.6946
0.5902
0.5328
0.0162
0.0984
0.1246
0.1211
0.1590
0.1075
0.1275
0.1433
0.1653
0.1290
0.0928
0.1204
0.1041
0.1324
0.1163
0.1810
0.0172
0.1129
0.2092
0.2281
0.2622
0.2888
0.3741
0.3667
0.3705
0.3868
0.4212
0.3747
0.5018
0.5262
0.5122
0.6383
0.0256
0.1696
0.2267
0.2886
0.3773
0.3838
0.4333
0.4981
0.4674
0.3381
0.4846
0.5236
0.5475
0.4722
0.7239
0.7440
0.0226
0.0847
0.1043
0.0704
0.1269
0.1085
0.0938
0.1059
0.1036
0.0780
0.1709
0.0642
0.1012
0.0916
0.1281
0.0669
0.0215
0.1347
0.2327
0.2253
0.2601
0.3532
0.3572
0.3610
0.4248
0.4135
0.4954
0.4795
0.4794
0.4847
0.5951
0.5461
0.0372
0.1748
0.2652
0.3855
0.4955
0.4699
0.4487
0.4986
0.4695
0.5869
0.5704
0.5051
0.6830
0.7847
0.6189
0.6939
0.0105
0.0637
0.0915
0.0783
0.1392
0.1109
0.1694
0.1102
0.0771
0.1351
0.1124
0.1105
0.0765
0.1051
0.1369
0.2148
0.0085
0.1197
0.1990
0.2706
0.3269
0.3782
0.3219
0.3576
0.3468
0.4228
0.4696
0.5466
0.4992
0.5417
0.5648
0.5703
0.0166
0.1566
0.2741
0.3818
0.4675
0.5175
0.5392
0.4959
0.5639
0.5919
0.6004
0.5637
0.7418
0.6457
0.7544
0.7881
0.0078
0.0547
0.0690
0.1019
0.1316
0.0981
0.1574
0.1331
0.1535
0.2960
0.1854
0.0737
0.0873
0.1228
0.1220
0.1071
0.0094
0.1092
0.1776
0.2591
0.3125
0.3467
0.2939
0.4484
0.4167
0.4492
0.4744
0.4216
0.4679
0.4972
0.6140
0.5681
0.0200
0.1714
0.2696
0.3261
0.3940
0.4512
0.5370
0.5507
0.6568
0.6493
0.6310
0.6035
0.6589
0.6675
0.7831
0.7751
0.0085
0.0622
0.0894
0.1171
0.1489
0.2475
0.2716
0.3609
0.1807
0.2893
0.2129
0.2762
0.2576
0.1558
0.5034
0.2624
0.0192
0.1138
0.1822
0.2485
0.2897
0.4230
0.4042
0.4961
0.4973
0.5647
0.5304
0.5465
0.6485
0.7371
0.6290
0.7280
0.0374
0.1835
0.3661
0.3693
0.4196
0.5107
0.5605
0.5925
0.6632
0.7741
0.7773
0.7144
0.7658
0.8379
0.8879
0.8795
0.0055
0.0659
0.1359
0.2359
0.2887
0.2583
0.2520
0.3943
0.4152
0.5499
0.3322
0.3379
0.5410
0.4099
0.4088
0.2180
0.0063
0.0739
0.1811
0.2590
0.3647
0.4271
0.4931
0.5864
0.5954
0.6672
0.6726
0.8000
0.7253
0.7729
0.8191
0.8607
0.0091
0.1660
0.2890
0.4214
0.5442
0.5273
0.5967
0.8053
0.7311
0.7732
0.8389
0.8762
0.8516
0.9071
0.8988
0.9116
0.0046
0.0571
0.1077
0.1740
0.1676
0.1906
0.3184
0.2373
0.2910
0.2808
0.2791
0.2684
0.1399
0.3628
0.3061
0.2258
0.0071
0.0505
0.0964
0.1905
0.3102
0.3818
0.5333
0.5589
0.5257
0.6551
0.5745
0.5959
0.6827
0.6257
0.7772
0.8158
0.0165
0.1786
0.2412
0.3155
0.4471
0.5167
0.6651
0.6736
0.7618
0.6878
0.7871
0.8174
0.8217
0.8831
0.8862
0.9328
0.0046
0.0363
0.0704
0.0855
0.1314
0.1510
0.1676
0.1174
0.1070
0.0840
0.2998
0.0892
0.2333
0.2143
0.2502
0.1297
0.0143
0.0622
0.0940
0.1319
0.2307
0.3059
0.2450
0.2908
0.3090
0.4925
0.4306
0.5091
0.5328
0.5444
0.5192
0.5533
0.0187
0.1631
0.1773
0.2694
0.3845
0.4270
0.5224
0.5675
0.5184
0.6333
0.6167
0.6418
0.7347
0.7711
0.8409
0.8405
0.0033
0.0221
0.0409
0.0417
0.1023
0.0567
0.0877
0.0630
0.0777
0.0600
0.0936
0.1268
0.0468
0.0520
0.0341
0.0256
0.0053
0.0386
0.0702
0.1053
0.1278
0.2043
0.1445
0.2864
0.2217
0.2128
0.2985
0.3257
0.4737
0.5067
0.3784
0.5382
0.0097
0.0870
0.1764
0.2064
0.2401
0.2800
0.4072
0.4890
0.3307
0.4612
0.5031
0.5516
0.4516
0.6650
0.7513
0.7544
0.0029
0.0169
0.0195
0.0206
0.0242
0.0225
0.0160
0.0304
0.0116
0.0172
0.0200
0.0139
0.0265
0.0087
0.0096
0.0221
0.0032
0.0235
0.0470
0.0845
0.0924
0.0691
0.0940
0.1770
0.1470
0.2426
0.2838
0.1913
0.2328
0.2794
0.3914
0.3106
0.0052
0.0724
0.0942
0.1375
0.1647
0.1977
0.2361
0.2370
0.3224
0.3498
0.3482
0.3230
0.3289
0.5640
0.5853
0.7136
0.0020
0.0095
0.0141
0.0249
0.0083
0.0094
0.0129
0.0221
0.0067
0.0101
0.0157
0.0039
0.0165
0.0129
0.0109
0.0036
0.0031
0.0150
0.0363
0.0477
0.0783
0.0742
0.0617
0.0585
0.0852
0.0912
0.1182
0.1504
0.2680
0.1518
0.4077
0.3169
0.0083
0.0462
0.0521
0.0654
0.1196
0.1506
0.1338
0.1333
0.1726
0.1833
0.2299
0.2987
0.2704
0.4273
0.3923
0.5106
0.0015
0.0056
0.0041
0.0064
0.0063
0.0068
0.0053
0.0089
0.0056
0.0102
0.0027
0.0067
0.0439
0.0026
0.0057
0.0060
0.0020
0.0122
0.0168
0.0419
0.0441
0.0293
0.0775
0.0344
0.0476
0.0354
0.0580
0.1510
0.0997
0.1080
0.1871
0.2423
0.0050
0.0260
0.0408
0.0575
0.0536
0.0794
0.0959
0.1038
0.0885
0.1314
0.0856
0.1577
0.2148
0.1939
0.2594
0.3710
0.0007
0.0027
0.0031
0.0028
0.0075
0.0053
0.0022
0.0216
0.0018
0.0039
0.0025
0.0020
0.0057
0.0022
0.0016
0.0010
0.0016
0.0060
0.0112
0.0153
0.0100
0.0150
0.0150
0.0185
0.0401
0.0191
0.0278
0.0357
0.0677
0.0939
0.0574
0.1823
0.0036
0.0174
0.0158
0.0292
0.0262
0.0295
0.0290
0.0296
0.0395
0.0527
0.0366
0.0438
0.0851
0.0627
0.1254
0.2470
0.0005
0.0021
0.0022
0.0034
0.0039
0.0026
0.0024
0.0028
0.0020
0.0110
0.0011
0.0034
0.0170
0.0026
0.0011
0.0048
0.0019
0.0041
0.0055
0.0064
0.0067
0.0081
0.0091
0.0147
0.0169
0.0140
0.0130
0.0142
0.0225
0.0432
0.0522
0.0510
0.0059
0.0172
0.0201
0.0202
0.0210
0.0333
0.0195
0.0362
0.0248
0.0262
0.0274
0.0237
0.0385
0.0287
0.0208
0.0034
0.0012
0.0036
0.0060
0.0053
0.0061
0.0039
0.0056
0.0111
0.0042
0.0102
0.0142
0.0029
0.0132
0.0058
0.0050
0.0057
0.0027
0.0107
0.0142
0.0177
0.0194
0.0243
0.0261
0.0328
0.0334
0.0382
0.0374
0.0407
0.0424
0.0529
0.0468
0.0587
0.0055
0.0217
0.0280
0.0333
0.0344
0.0384
0.0461
0.0422
0.0466
0.0490
0.0472
0.0383
0.0640
0.0502
0.0748
0.0910
0.0046
0.0163
0.0157
0.0196
0.0175
0.0237
0.0156
0.0130
0.0163
0.0141
0.0176
0.0197
0.0175
0.0372
0.0535
0.0796
0.0078
0.0368
0.0529
0.0704
0.0876
0.0929
0.0922
0.0966
0.1197
0.1028
0.0989
0.1830
0.1188
0.1146
0.1225
0.1678
0.0130
0.0615
0.0790
0.1114
0.1115
0.1550
0.1473
0.1807
0.1613
0.1743
0.1931
0.1783
0.2250
0.2016
0.2405
0.2416
0.0133
0.0445
0.0462
0.0463
0.0446
0.0508
0.0839
0.0548
0.0294
0.0363
0.0369
0.0584
0.0365
0.0419
0.0440
0.0419
0.0256
0.0903
0.1297
0.1668
0.1359
0.1821
0.2169
0.2695
0.2141
0.2311
0.2932
0.3393
0.2845
0.3884
0.3856
0.4084
0.0407
0.1338
0.2152
0.2241
0.2798
0.3262
0.3573
0.3876
0.3971
0.4244
0.3604
0.4442
0.5046
0.5097
0.5326
0.5850
0.0291
0.0783
0.0972
0.0995
0.1074
0.0722
0.0801
0.0672
0.0524
0.0629
0.0845
0.0635
0.1477
0.0620
0.0628
0.0449
0.0327
0.1714
0.2683
0.3080
0.3024
0.3642
0.4271
0.4503
0.5256
0.4353
0.5517
0.5853
0.4908
0.5881
0.6524
0.5755
0.0394
0.2651
0.4120
0.5255
0.5601
0.5172
0.6198
0.6279
0.6232
0.7632
0.7087
0.7116
0.7699
0.7468
0.8018
0.8102
0.0355
0.1574
0.2158
0.2543
0.3033
0.2192
0.2920
0.2576
0.2257
0.1906
0.3346
0.2228
0.2590
0.2189
0.2955
0.1302
0.0459
0.2310
0.3877
0.4649
0.5410
0.6129
0.6467
0.6406
0.6551
0.6703
0.7184
0.7124
0.7640
0.8022
0.7520
0.7783
0.0533
0.3682
0.5597
0.6851
0.7392
0.7318
0.7856
0.7970
0.8542
0.8768
0.8800
0.9048
0.9016
0.9077
0.9139
0.9303
0.0494
0.1920
0.3165
0.3112
0.4069
0.3927
0.4570
0.4612
0.4401
0.5444
0.4567
0.5886
0.4083
0.6815
0.4402
0.6586
0.0961
0.3835
0.5082
0.6508
0.7081
0.7347
0.7800
0.8381
0.8800
0.8835
0.8898
0.8996
0.9091
0.9331
0.9217
0.8944
0.1627
0.5289
0.7609
0.7770
0.8621
0.8580
0.9137
0.9399
0.9457
0.9532
0.9535
0.9691
0.9667
0.9683
0.9813
0.9736
0.0442
0.2686
0.4222
0.4950
0.6351
0.6534
0.7435
0.7221
0.7967
0.7373
0.7968
0.7676
0.8285
0.7753
0.8525
0.7671
0.2291
0.7666
0.8302
0.8744
0.9131
0.9489
0.9598
0.9537
0.9678
0.9790
0.9797
0.9832
0.9845
0.9926
0.9957
0.9975
0.4262
0.9018
0.9371
0.9581
0.9737
0.9766
0.9795
0.9849
0.9906
0.9932
0.9930
0.9937
0.9952
0.9972
0.9985
0.9995
0.0489
0.3205
0.5485
0.6846
0.7276
0.7692
0.8346
0.7948
0.9042
0.8675
0.8698
0.9081
0.8945
0.8953
0.8068
0.8466
0.1388
0.7871
0.8568
0.9267
0.9267
0.9387
0.9649
0.9713
0.9781
0.9821
0.9856
0.9899
0.9923
0.9961
0.9984
0.9994
0.0952
0.8105
0.8760
0.8999
0.9379
0.9529
0.9771
0.9793
0.9750
0.9879
0.9903
0.9936
0.9958
0.9975
0.9990
0.9998
0.0615
0.3117
0.4772
0.6011
0.6455
0.7306
0.7323
0.7509
0.8036
0.7872
0.8717
0.8737
0.8587
0.8931
0.8611
0.9039
0.3802
0.8222
0.9008
0.9352
0.9288
0.9605
0.9607
0.9622
0.9758
0.9801
0.9854
0.9870
0.9912
0.9947
0.9965
0.9983
0.6654
0.9524
0.9678
0.9716
0.9826
0.9809
0.9897
0.9911
0.9919
0.9928
0.9949
0.9959
0.9969
0.9980
0.9990
0.9994
0.0362
0.2537
0.4231
0.4607
0.5025
0.5324
0.6931
0.7720
0.6889
0.7169
0.6414
0.7693
0.7712
0.6742
0.7727
0.8089
0.0956
0.5254
0.6669
0.7408
0.8546
0.8399
0.8514
0.8982
0.8929
0.9448
0.9383
0.9338
0.9561
0.9573
0.9628
0.9658
0.1317
0.7681
0.8686
0.8703
0.9114
0.9381
0.9431
0.9590
0.9622
0.9793
0.9769
0.9742
0.9821
0.9762
0.9823
0.9875
0.0302
0.2415
0.3407
0.3861
0.3944
0.5197
0.6422
0.6322
0.6361
0.6993
0.7434
0.6611
0.7527
0.7082
0.7660
0.6418
0.0578
0.4502
0.5544
0.7296
0.6769
0.7679
0.8021
0.8592
0.8407
0.8921
0.8979
0.8958
0.9222
0.9028
0.9138
0.9150
0.1021
0.6147
0.7873
0.8388
0.8489
0.8845
0.8881
0.9232
0.9351
0.9482
0.9402
0.9577
0.9618
0.9527
0.9537
0.9726
0.0318
0.1822
0.3067
0.3909
0.4197
0.4776
0.4793
0.5237
0.4841
0.5341
0.5977
0.5712
0.5953
0.4957
0.5111
0.6081
0.0805
0.3413
0.5206
0.5456
0.6230
0.6551
0.7313
0.7814
0.8238
0.8354
0.8432
0.8256
0.8109
0.8238
0.8771
0.8786
0.2081
0.6415
0.6227
0.7722
0.7752
0.7878
0.8258
0.8465
0.8840
0.8940
0.9128
0.8851
0.9253
0.9142
0.9261
0.9342
0.0192
0.1473
0.2481
0.2689
0.2794
0.3006
0.3522
0.3072
0.3101
0.3778
0.4087
0.4948
0.4053
0.2506
0.3925
0.3651
0.0438
0.2906
0.3975
0.4539
0.5327
0.5357
0.5764
0.6171
0.6713
0.5980
0.6624
0.7115
0.6863
0.7208
0.7027
0.6676
0.0927
0.4376
0.5200
0.6118
0.6850
0.7201
0.7372
0.6612
0.7575
0.7578
0.7509
0.8256
0.8092
0.7970
0.8816
0.8532
0.0116
0.0927
0.1279
0.1785
0.2175
0.2129
0.2369
0.2029
0.2788
0.2168
0.2769
0.2686
0.2931
0.2212
0.2817
0.1932
0.0263
0.1735
0.2417
0.3375
0.3864
0.3543
0.3679
0.4881
0.4239
0.4055
0.4995
0.4709
0.4466
0.5451
0.4870
0.4713
0.0485
0.2399
0.3919
0.4192
0.4683
0.5255
0.5066
0.6007
0.6001
0.5802
0.5966
0.6701
0.5900
0.6798
0.7439
0.7311
0.0069
0.0340
0.0582
0.0712
0.1227
0.1261
0.1224
0.0971
0.1366
0.1151
0.1504
0.1455
0.1384
0.1386
0.1867
0.1655
0.0114
0.0645
0.0852
0.1918
0.1704
0.1355
0.1863
0.2085
0.1924
0.1923
0.2118
0.2826
0.1679
0.2048
0.2509
0.2916
0.0159
0.0924
0.1920
0.2283
0.2256
0.1975
0.3996
0.3569
0.4735
0.4152
0.4421
0.4652
0.4253
0.4639
0.2489
0.4196
0.0017
0.0244
0.0461
0.0720
0.1021
0.1357
0.1213
0.1008
0.0866
0.1059
0.2220
0.0931
0.2821
0.1756
0.1302
0.1856
0.0053
0.0548
0.0618
0.0862
0.1038
0.1741
0.0779
0.0658
0.1409
0.2122
0.1768
0.2838
0.2382
0.4523
0.3567
0.0923
0.0091
0.0619
0.0831
0.0857
0.1704
0.2399
0.3586
0.2476
0.2796
0.4862
0.4381
0.5025
0.6499
0.5770
0.7592
0.8508
0.0030
0.0392
0.1048
0.1110
0.1296
0.1584
0.1636
0.1485
0.1822
0.1576
0.1540
0.2559
0.1917
0.2234
0.4448
0.1897
0.0096
0.0781
0.1321
0.1707
0.1303
0.1822
0.2056
0.1999
0.3439
0.1888
0.2782
0.4094
0.4021
0.4458
0.4504
0.7344
0.0191
0.0976
0.1518
0.2298
0.2515
0.4086
0.4141
0.4081
0.4160
0.5009
0.5705
0.6000
0.5704
0.6081
0.7857
0.7707
0.0064
0.1067
0.1560
0.1515
0.1797
0.2469
0.2558
0.2901
0.2255
0.2547
0.2303
0.3528
0.3300
0.5831
0.4230
0.2868
0.0167
0.1165
0.2277
0.2019
0.3748
0.3599
0.2755
0.3781
0.5174
0.4237
0.4746
0.5229
0.4650
0.7720
0.5805
0.8293
0.0400
0.1673
0.2480
0.3638
0.3977
0.3021
0.4248
0.4987
0.5918
0.5388
0.6126
0.5086
0.8276
0.6797
0.8581
0.8101
0.0091
0.1309
0.2629
0.3430
0.2597
0.3301
0.3630
0.3875
0.4167
0.3086
0.2890
0.3489
0.3077
0.5122
0.5260
0.1750
0.0288
0.1398
0.2566
0.3757
0.3852
0.3945
0.4553
0.4186
0.6291
0.4904
0.6434
0.6312
0.6125
0.5615
0.7829
0.7787
0.0593
0.2328
0.2530
0.3688
0.5078
0.5027
0.5332
0.5898
0.5817
0.5454
0.6786
0.6238
0.6641
0.8067
0.8466
0.9296
0.0214
0.1581
0.2279
0.3101
0.3579
0.3920
0.4012
0.3939
0.4105
0.3566
0.6030
0.3989
0.5397
0.3643
0.4202
0.2697
0.0426
0.2344
0.3686
0.4366
0.5190
0.4694
0.5023
0.6008
0.4518
0.7130
0.7387
0.6497
0.7290
0.7386
0.7450
0.8657
0.0967
0.3282
0.3752
0.4153
0.6536
0.6427
0.6721
0.7782
0.7409
0.7374
0.7347
0.6882
0.7889
0.8272
0.9014
0.9820
0.0312
0.1553
0.2439
0.2958
0.3616
0.4208
0.4359
0.4081
0.4580
0.3876
0.3296
0.6935
0.4088
0.5543
0.5412
0.3556
0.0882
0.2336
0.3646
0.4585
0.5969
0.6805
0.6023
0.6769
0.5100
0.7640
0.7682
0.8351
0.7771
0.8443
0.8206
0.8868
0.1116
0.3387
0.4785
0.6110
0.6185
0.7358
0.8104
0.8099
0.8745
0.8552
0.8174
0.9024
0.8693
0.8461
0.9253
0.9395
0.0406
0.1627
0.2968
0.3543
0.4251
0.4599
0.4727
0.5121
0.5044
0.4739
0.3833
0.5080
0.5702
0.5086
0.5986
0.8400
0.1131
0.3441
0.3781
0.5622
0.5951
0.6706
0.7358
0.8286
0.8347
0.8092
0.8189
0.8189
0.8680
0.8993
0.9005
0.9086
0.2006
0.4416
0.6791
0.6462
0.7355
0.7883
0.8703
0.7956
0.8679
0.8904
0.9257
0.8898
0.9067
0.9393
0.9413
0.9488
0.0506
0.1824
0.3534
0.3715
0.4915
0.5536
0.5636
0.4734
0.4991
0.5221
0.5686
0.6324
0.4527
0.5523
0.6340
0.7010
0.1580
0.3983
0.4358
0.5615
0.6595
0.7296
0.7617
0.7953
0.7506
0.8424
0.8321
0.8502
0.8782
0.9073
0.9060
0.9359
0.6038
0.6370
0.5402
0.7279
0.7284
0.7653
0.8220
0.8493
0.8907
0.8615
0.9095
0.9355
0.9302
0.9667
0.9573
0.9728
0.0458
0.1810
0.2765
0.4047
0.4508
0.6376
0.5585
0.5501
0.6527
0.5576
0.5640
0.6888
0.6678
0.6640
0.7324
0.6950
0.2821
0.2651
0.3360
0.5369
0.6009
0.6507
0.6541
0.7438
0.8017
0.8523
0.8313
0.8413
0.8903
0.9190
0.9377
0.9382
1.0000
1.0000
1.0000
1.0000
1.0000
1.0000
1.0000
1.0000
1.0000
1.0000
1.0000
1.0000
1.0000
1.0000
1.0000
1.0000
0.0309
0.1729
0.2732
0.3274
0.4651
0.4720
0.4399
0.4190
0.4973
0.5369
0.5534
0.4682
0.5123
0.5228
0.5297
0.5430
0.2994
0.4070
0.4672
0.4826
0.4919
0.5712
0.7205
0.6741
0.8024
0.7857
0.7887
0.8216
0.8708
0.8770
0.8780
0.8741
0.6038
0.6370
0.5402
0.7279
0.7284
0.7653
0.8220
0.8493
0.8907
0.8615
0.9095
0.9355
0.9302
0.9667
0.9573
0.9728
0.0226
0.1435
0.1985
0.2856
0.3416
0.3797
0.4636
0.3498
0.4064
0.4088
0.4593
0.4783
0.3845
0.3248
0.3584
0.4204
0.1849
0.2950
0.4028
0.4237
0.6389
0.6609
0.6624
0.6541
0.7377
0.7220
0.7477
0.7532
0.8009
0.8403
0.9042
0.9104
0.2006
0.4416
0.6791
0.6462
0.7355
0.7883
0.8703
0.7956
0.8679
0.8904
0.9257
0.8898
0.9067
0.9393
0.9413
0.9488
0.0177
0.1488
0.2578
0.2529
0.3047
0.3146
0.3802
0.2968
0.3584
0.4792
0.4862
0.3455
0.3272
0.3176
0.3374
0.4489
0.0988
0.2219
0.3854
0.4472
0.6944
0.6265
0.5833
0.5899
0.7164
0.7490
0.7323
0.7867
0.8052
0.8430
0.8423
0.9087
0.1116
0.3387
0.4785
0.6110
0.6185
0.7358
0.8104
0.8099
0.8745
0.8552
0.8174
0.9024
0.8693
0.8461
0.9253
0.9395
0.0105
0.1399
0.2412
0.2491
0.2978
0.3590
0.4292
0.2909
0.2900
0.3022
0.3651
0.4936
0.3475
0.3546
0.2426
0.2118
0.0567
0.1727
0.2646
0.4491
0.4708
0.5356
0.5849
0.6430
0.6563
0.6254
0.6772
0.7614
0.6834
0.7293
0.8505
0.9092
0.0967
0.3282
0.3752
0.4153
0.6536
0.6427
0.6721
0.7782
0.7409
0.7374
0.7347
0.6882
0.7889
0.8272
0.9014
0.9820
0.0078
0.1579
0.2052
0.2326
0.2124
0.2813
0.3342
0.2662
0.2812
0.3032
0.2250
0.3251
0.2699
0.3928
0.4007
0.3130
0.0308
0.1788
0.2028
0.2817
0.3679
0.4978
0.4579
0.4207
0.5495
0.5109
0.6120
0.5086
0.6307
0.7288
0.8210
0.9013
0.0593
0.2328
0.2530
0.3688
0.5078
0.5027
0.5332
0.5898
0.5817
0.5454
0.6786
0.6238
0.6641
0.8067
0.8466
0.9296
0.0055
0.1069
0.1800
0.2228
0.2156
0.2844
0.2750
0.2042
0.2090
0.2099
0.2723
0.3450
0.3224
0.3188
0.2547
0.3889
0.0200
0.1207
0.1936
0.2315
0.3545
0.3739
0.2944
0.3691
0.4798
0.5448
0.4938
0.5555
0.5895
0.5589
0.7075
0.8178
0.0400
0.1673
0.2480
0.3638
0.3977
0.3021
0.4248
0.4987
0.5918
0.5388
0.6126
0.5086
0.8276
0.6797
0.8581
0.8101
0.0025
0.0577
0.1147
0.1285
0.1746
0.2008
0.2494
0.1972
0.1764
0.2379
0.2809
0.2028
0.2380
0.2561
0.6021
0.2501
0.0104
0.0521
0.1118
0.1524
0.2101
0.2819
0.2908
0.2475
0.3891
0.4512
0.4937
0.5609
0.4440
0.6985
0.5643
0.8217
0.0191
0.0976
0.1518
0.2298
0.2515
0.4086
0.4141
0.4081
0.4160
0.5009
0.5705
0.6000
0.5704
0.6081
0.7857
0.7707
0.0016
0.0490
0.0921
0.1385
0.1510
0.1970
0.2261
0.1749
0.2566
0.2973
0.2136
0.3392
0.3576
0.3607
0.5082
0.2378
0.0059
0.0371
0.0961
0.1331
0.1564
0.2092
0.2526
0.3670
0.3859
0.5315
0.5675
0.5835
0.6479
0.6467
0.7945
0.7484
0.0091
0.0619
0.0831
0.0857
0.1704
0.2399
0.3586
0.2476
0.2796
0.4862
0.4381
0.5025
0.6499
0.5770
0.7592
0.8508
0.0046
0.0912
0.2301
0.2690
0.3667
0.4172
0.4297
0.4544
0.4362
0.5067
0.4550
0.5082
0.5601
0.5313
0.4977
0.6687
0.0149
0.0916
0.2326
0.2892
0.3033
0.4243
0.4640
0.5726
0.4843
0.5963
0.6349
0.7121
0.6517
0.7743
0.7834
0.8080
0.0254
0.1445
0.1785
0.2957
0.4330
0.4957
0.6322
0.5703
0.4695
0.6384
0.6434
0.6514
0.6696
0.7989
0.7528
0.8147
0.0114
0.2296
0.4055
0.5500
0.6204
0.6109
0.7005
0.6686
0.7237
0.7450
0.6623
0.6985
0.7166
0.7966
0.6868
0.7166
0.0504
0.2470
0.4441
0.4561
0.6042
0.6285
0.7005
0.7542
0.7477
0.7666
0.7274
0.7977
0.8137
0.8679
0.8302
0.8827
0.1035
0.3790
0.5164
0.5128
0.6006
0.7471
0.6654
0.7653
0.6740
0.7339
0.7427
0.7794
0.8461
0.8809
0.8875
0.9444
0.0298
0.3227
0.6355
0.5913
0.7333
0.7580
0.7668
0.8562
0.8129
0.7958
0.8402
0.8208
0.8539
0.8331
0.8413
0.8899
0.1649
0.4187
0.6222
0.7143
0.6434
0.7681
0.7995
0.7747
0.8492
0.8290
0.8973
0.8685
0.9148
0.9137
0.9140
0.9462
0.3384
0.6180
0.7088
0.7532
0.7992
0.8619
0.8796
0.8727
0.8956
0.8806
0.9040
0.8749
0.9053
0.9085
0.9382
0.9177
0.0624
0.4779
0.6479
0.7552
0.8213
0.8138
0.8765
0.8964
0.8604
0.8983
0.8947
0.8533
0.8814
0.9022
0.9081
0.9226
0.3168
0.6300
0.7069
0.8617
0.8478
0.8242
0.9068
0.8709
0.9140
0.9314
0.9348
0.9137
0.9566
0.9612
0.9647
0.9494
0.5515
0.7972
0.8432
0.8838
0.9240
0.8982
0.9269
0.9611
0.9553
0.9712
0.9528
0.9714
0.9551
0.9729
0.9812
0.9800
0.0897
0.5337
0.7396
0.8230
0.8662
0.8588
0.9325
0.9176
0.9155
0.9212
0.9124
0.9394
0.9552
0.9150
0.9519
0.9576
0.5127
0.7211
0.8730
0.9022
0.9110
0.9156
0.9215
0.9551
0.9455
0.9588
0.9688
0.9650
0.9707
0.9704
0.9769
0.9646
0.6487
0.8694
0.9343
0.9448
0.9479
0.9581
0.9659
0.9807
0.9812
0.9870
0.9739
0.9863
0.9917
0.9927
0.9916
0.9931
0.1657
0.5013
0.7600
0.8113
0.8729
0.8756
0.9167
0.9240
0.9356
0.9366
0.9437
0.9433
0.9571
0.9658
0.9358
0.9608
0.7225
0.8674
0.9092
0.9516
0.9577
0.9574
0.9757
0.9769
0.9840
0.9870
0.9823
0.9854
0.9872
0.9877
0.9918
0.9932
0.9318
0.9407
0.9725
0.9798
0.9761
0.9882
0.9896
0.9905
0.9934
0.9946
0.9935
0.9938
0.9960
0.9960
0.9948
0.9976
0.2518
0.6767
0.8216
0.8974
0.9209
0.9170
0.9379
0.9432
0.9658
0.9726
0.9567
0.9627
0.9756
0.9601
0.9604
0.9700
0.9872
0.9865
0.9808
0.9925
0.9920
0.9948
0.9970
0.9959
0.9964
0.9964
0.9978
0.9980
0.9985
0.9985
0.9994
0.9996
0.9944
0.9984
0.9958
0.9979
0.9982
0.9986
0.9989
0.9984
0.9987
0.9991
0.9992
0.9995
0.9994
0.9997
0.9998
0.9999
0.3908
0.7506
0.8590
0.9326
0.9390
0.9526
0.9679
0.9713
0.9736
0.9717
0.9843
0.9788
0.9803
0.9858
0.9773
0.9851
0.9947
0.9900
0.9867
0.9921
0.9921
0.9909
0.9973
0.9978
0.9956
0.9977
0.9982
0.9988
0.9989
0.9995
0.9997
0.9999
1.0000
1.0000
1.0000
1.0000
1.0000
1.0000
1.0000
1.0000
1.0000
1.0000
1.0000
1.0000
1.0000
1.0000
1.0000
1.0000
0.2341
0.6341
0.8394
0.8832
0.8902
0.9347
0.9369
0.9549
0.9560
0.9697
0.9662
0.9720
0.9718
0.9638
0.9730
0.9743
0.9817
0.9931
0.9888
0.9918
0.9931
0.9925
0.9954
0.9946
0.9969
0.9969
0.9971
0.9980
0.9980
0.9989
0.9992
0.9997
0.9944
0.9984
0.9958
0.9979
0.9982
0.9986
0.9989
0.9984
0.9987
0.9991
0.9992
0.9995
0.9994
0.9997
0.9998
0.9999
0.1192
0.4859
0.6720
0.7310
0.8440
0.8697
0.9103
0.9175
0.9117
0.9379
0.9515
0.9412
0.9399
0.9411
0.9289
0.9338
0.8013
0.8795
0.9117
0.9174
0.9495
0.9481
0.9629
0.9781
0.9802
0.9847
0.9813
0.9848
0.9812
0.9907
0.9908
0.9929
0.9318
0.9407
0.9725
0.9798
0.9761
0.9882
0.9896
0.9905
0.9934
0.9946
0.9935
0.9938
0.9960
0.9960
0.9948
0.9976
0.0870
0.3950
0.6560
0.7140
0.7715
0.7875
0.8550
0.9041
0.9302
0.9002
0.9190
0.9264
0.9087
0.9296
0.8951
0.8961
0.4807
0.7005
0.8090
0.8569
0.8815
0.9077
0.9171
0.9530
0.9586
0.9745
0.9651
0.9630
0.9712
0.9646
0.9746
0.9819
0.6487
0.8694
0.9343
0.9448
0.9479
0.9581
0.9659
0.9807
0.9812
0.9870
0.9739
0.9863
0.9917
0.9927
0.9916
0.9931
0.0581
0.2950
0.5665
0.6462
0.7351
0.7498
0.8009
0.8528
0.8064
0.8004
0.8827
0.9027
0.8804
0.8690
0.8473
0.8655
0.2454
0.5114
0.7120
0.7397
0.8050
0.8425
0.8618
0.9107
0.9369
0.9250
0.8928
0.9122
0.9223
0.9377
0.9336
0.9630
0.5515
0.7972
0.8432
0.8838
0.9240
0.8982
0.9269
0.9611
0.9553
0.9712
0.9528
0.9714
0.9551
0.9729
0.9812
0.9800
0.0316
0.2605
0.4616
0.5969
0.5752
0.6930
0.7197
0.7599
0.7801
0.7908
0.7921
0.6661
0.7742
0.7609
0.7559
0.7673
0.1426
0.4045
0.5334
0.5975
0.6125
0.7074
0.8083
0.7690
0.7665
0.7379
0.8107
0.7809
0.8855
0.8572
0.9185
0.8403
0.3384
0.6180
0.7088
0.7532
0.7992
0.8619
0.8796
0.8727
0.8956
0.8806
0.9040
0.8749
0.9053
0.9085
0.9382
0.9177
0.0129
0.1675
0.3032
0.3753
0.4496
0.4902
0.4889
0.5185
0.5381
0.6345
0.6239
0.6503
0.5490
0.4175
0.5915
0.6778
0.0458
0.2347
0.3946
0.3912
0.5184
0.4569
0.5649
0.5878
0.6265
0.5167
0.6364
0.7109
0.5770
0.7108
0.6639
0.8026
0.1035
0.3790
0.5164
0.5128
0.6006
0.7471
0.6654
0.7653
0.6740
0.7339
0.7427
0.7794
0.8461
0.8809
0.8875
0.9444
0.0037
0.0429
0.0858
0.1750
0.1892
0.2334
0.2752
0.3255
0.2658
0.2286
0.2664
0.2372
0.3944
0.2007
0.3451
0.5831
0.0115
0.1142
0.1498
0.1607
0.2170
0.3451
0.2646
0.2684
0.2710
0.2936
0.2944
0.3592
0.3745
0.3635
0.5945
0.4094
0.0254
0.1445
0.1785
0.2957
0.4330
0.4957
0.6322
0.5703
0.4695
0.6384
0.6434
0.6514
0.6696
0.7989
0.7528
0.8147
0.0006
0.0024
0.0023
0.0029
0.0021
0.0029
0.0044
0.0084
0.0026
0.0038
0.0253
0.0145
0.0060
0.0026
0.0029
0.0029
0.0020
0.0055
0.0072
0.0071
0.0058
0.0091
0.0094
0.0137
0.0123
0.0127
0.0114
0.0178
0.0188
0.0355
0.0178
0.0262
0.0059
0.0172
0.0201
0.0202
0.0210
0.0333
0.0195
0.0362
0.0248
0.0262
0.0274
0.0237
0.0385
0.0287
0.0208
0.0034
0.0009
0.0030
0.0034
0.0067
0.0063
0.0078
0.0265
0.0029
0.0032
0.0061
0.0063
0.0038
0.0052
0.0042
0.0119
0.0101
0.0019
0.0093
0.0120
0.0133
0.0140
0.0172
0.0190
0.0260
0.0273
0.0215
0.0437
0.0365
0.0377
0.0616
0.0556
0.0589
0.0036
0.0174
0.0158
0.0292
0.0262
0.0295
0.0290
0.0296
0.0395
0.0527
0.0366
0.0438
0.0851
0.0627
0.1254
0.2470
0.0021
0.0098
0.0102
0.0121
0.0220
0.0083
0.0167
0.0051
0.0033
0.0380
0.0198
0.0250
0.0135
0.0079
0.0180
0.0189
0.0031
0.0173
0.0253
0.0456
0.0440
0.0624
0.0603
0.0630
0.0670
0.0991
0.0746
0.0958
0.0796
0.0978
0.0738
0.1474
0.0050
0.0260
0.0408
0.0575
0.0536
0.0794
0.0959
0.1038
0.0885
0.1314
0.0856
0.1577
0.2148
0.1939
0.2594
0.3710
0.0037
0.0232
0.0368
0.0257
0.0162
0.0838
0.0627
0.0303
0.0316
0.0611
0.0444
0.0517
0.0308
0.0298
0.0607
0.0276
0.0055
0.0257
0.0630
0.0624
0.0744
0.1019
0.0862
0.1467
0.1252
0.1547
0.1560
0.1485
0.1432
0.2537
0.2352
0.1820
0.0083
0.0462
0.0521
0.0654
0.1196
0.1506
0.1338
0.1333
0.1726
0.1833
0.2299
0.2987
0.2704
0.4273
0.3923
0.5106
0.0056
0.0415
0.0670
0.0774
0.0727
0.0834
0.0616
0.1289
0.0552
0.0567
0.1727
0.0741
0.0644
0.0580
0.0596
0.0417
0.0066
0.0600
0.1012
0.1265
0.1428
0.1235
0.1407
0.2340
0.1915
0.2941
0.2604
0.3267
0.4111
0.2644
0.3183
0.3718
0.0052
0.0724
0.0942
0.1375
0.1647
0.1977
0.2361
0.2370
0.3224
0.3498
0.3482
0.3230
0.3289
0.5640
0.5853
0.7136
0.0076
0.0611
0.0976
0.1197
0.1190
0.2173
0.1730
0.1642
0.0726
0.1050
0.1603
0.1309
0.0325
0.0898
0.2564
0.0831
0.0099
0.0783
0.1584
0.2173
0.2687
0.2382
0.2664
0.2776
0.2832
0.3025
0.4225
0.4201
0.4068
0.3907
0.4013
0.4642
0.0097
0.0870
0.1764
0.2064
0.2401
0.2800
0.4072
0.4890
0.3307
0.4612
0.5031
0.5516
0.4516
0.6650
0.7513
0.7544
0.0134
0.0942
0.1892
0.1696
0.1325
0.1883
0.2242
0.2966
0.1312
0.2147
0.2143
0.2921
0.2399
0.0880
0.2439
0.1297
0.0193
0.1491
0.1733
0.2897
0.3567
0.2815
0.3589
0.4506
0.3903
0.5138
0.5738
0.6213
0.6514
0.5821
0.5895
0.6516
0.0187
0.1631
0.1773
0.2694
0.3845
0.4270
0.5224
0.5675
0.5184
0.6333
0.6167
0.6418
0.7347
0.7711
0.8409
0.8405
0.0170
0.1428
0.2366
0.2036
0.2785
0.3244
0.3177
0.2308
0.3208
0.2012
0.4246
0.4372
0.4202
0.4536
0.1828
0.4526
0.0120
0.1636
0.2023
0.3163
0.4373
0.4470
0.5560
0.6503
0.6588
0.6695
0.6867
0.7361
0.7162
0.7200
0.7062
0.8481
0.0165
0.1786
0.2412
0.3155
0.4471
0.5167
0.6651
0.6736
0.7618
0.6878
0.7871
0.8174
0.8217
0.8831
0.8862
0.9328
0.0171
0.1403
0.1995
0.2748
0.2735
0.3600
0.4313
0.5821
0.5135
0.5274
0.5056
0.5289
0.3298
0.4608
0.8160
0.6716
0.0143
0.1549
0.1920
0.3442
0.3955
0.4710
0.5096
0.6374
0.7061
0.7259
0.7553
0.7148
0.7501
0.7476
0.8403
0.8697
0.0091
0.1660
0.2890
0.4214
0.5442
0.5273
0.5967
0.8053
0.7311
0.7732
0.8389
0.8762
0.8516
0.9071
0.8988
0.9116
0.0216
0.1147
0.1437
0.1837
0.1860
0.2052
0.2914
0.4592
0.3238
0.1766
0.4177
0.5149
0.4913
0.3287
0.3291
0.5822
0.0252
0.1356
0.1977
0.2264
0.2984
0.3714
0.4158
0.4691
0.5090
0.5692
0.5299
0.5945
0.6773
0.7340
0.7033
0.6611
0.0374
0.1835
0.3661
0.3693
0.4196
0.5107
0.5605
0.5925
0.6632
0.7741
0.7773
0.7144
0.7658
0.8379
0.8879
0.8795
0.0125
0.0643
0.1027
0.1180
0.1029
0.1300
0.1326
0.1247
0.1516
0.0997
0.1729
0.1542
0.3318
0.0683
0.2001
0.0532
0.0110
0.1095
0.1607
0.2390
0.2379
0.3018
0.2791
0.3214
0.3169
0.3529
0.4570
0.4243
0.4132
0.4297
0.5267
0.4446
0.0200
0.1714
0.2696
0.3261
0.3940
0.4512
0.5370
0.5507
0.6568
0.6493
0.6310
0.6035
0.6589
0.6675
0.7831
0.7751
0.0118
0.0478
0.0699
0.0826
0.1071
0.1173
0.0971
0.0767
0.0586
0.1442
0.1852
0.1370
0.0887
0.0731
0.1815
0.1286
0.0135
0.0946
0.1520
0.2472
0.2781
0.2568
0.2997
0.3170
0.4463
0.3469
0.2970
0.3335
0.3930
0.4121
0.4742
0.4259
0.0166
0.1566
0.2741
0.3818
0.4675
0.5175
0.5392
0.4959
0.5639
0.5919
0.6004
0.5637
0.7418
0.6457
0.7544
0.7881
0.0215
0.0615
0.0600
0.0586
0.0838
0.0798
0.1073
0.0891
0.0800
0.1103
0.0813
0.1060
0.0840
0.0884
0.0594
0.0971
0.0203
0.1003
0.1804
0.2443
0.2460
0.3270
0.3270
0.2645
0.3136
0.3511
0.3534
0.3594
0.3887
0.4096
0.5482
0.2712
0.0372
0.1748
0.2652
0.3855
0.4955
0.4699
0.4487
0.4986
0.4695
0.5869
0.5704
0.5051
0.6830
0.7847
0.6189
0.6939
0.0146
0.0675
0.0854
0.0894
0.0862
0.0729
0.0789
0.1055
0.1172
0.0952
0.0635
0.1009
0.0929
0.1191
0.0917
0.0804
0.0191
0.0971
0.1540
0.1807
0.2113
0.2154
0.3241
0.2483
0.2056
0.3853
0.2855
0.2993
0.3066
0.3263
0.3731
0.4075
0.0256
0.1696
0.2267
0.2886
0.3773
0.3838
0.4333
0.4981
0.4674
0.3381
0.4846
0.5236
0.5475
0.4722
0.7239
0.7440
0.0106
0.0438
0.0724
0.0827
0.0543
0.0962
0.0681
0.0889
0.0720
0.1024
0.0567
0.0548
0.1211
0.0911
0.0817
0.1464
0.0157
0.0845
0.0940
0.1238
0.1440
0.1568
0.2456
0.2166
0.2177
0.2329
0.3078
0.2122
0.2121
0.3082
0.3872
0.2924
0.0272
0.1216
0.1929
0.2207
0.2118
0.3268
0.3369
0.3297
0.3730
0.4461
0.3678
0.4028
0.5131
0.6946
0.5902
0.5328
0.0060
0.0315
0.0455
0.0451
0.0560
0.0658
0.0445
0.0630
0.0714
0.0543
0.0944
0.1111
0.1042
0.1465
0.0309
0.0987
0.0093
0.0250
0.0647
0.0876
0.1089
0.1001
0.1749
0.1426
0.1660
0.2791
0.2325
0.2840
0.2681
0.2989
0.3273
0.2797
0.0191
0.0477
0.1232
0.1142
0.2069
0.2385
0.3112
0.3194
0.3189
0.2479
0.3845
0.3592
0.3712
0.6010
0.3282
0.3559
0.0037
0.0217
0.0405
0.0674
0.0703
0.0451
0.0925
0.0936
0.1001
0.1641
0.1642
0.1127
0.1772
0.0765
0.1447
0.3017
0.0054
0.0214
0.0517
0.0465
0.1204
0.0857
0.1046
0.1180
0.2149
0.1562
0.2372
0.1962
0.4184
0.1899
0.2899
0.2870
0.0085
0.0309
0.0815
0.0927
0.1354
0.1477
0.1830
0.3077
0.1854
0.2414
0.2849
0.3767
0.4599
0.4291
0.2968
0.0575
0.0061
0.0436
0.1108
0.1333
0.2148
0.1323
0.2208
0.1607
0.2526
0.2052
0.2380
0.3079
0.1876
0.2139
0.1864
0.2943
0.0119
0.0558
0.1162
0.1385
0.1658
0.2674
0.1890
0.1940
0.1903
0.2453
0.3589
0.3417
0.3618
0.3341
0.2152
0.4236
0.0159
0.0924
0.1920
0.2283
0.2256
0.1975
0.3996
0.3569
0.4735
0.4152
0.4421
0.4652
0.4253
0.4639
0.2489
0.4196
0.0092
0.1486
0.2304
0.2718
0.2874
0.3553
0.3463
0.3712
0.3028
0.4017
0.3607
0.4666
0.4178
0.4024
0.4327
0.4118
0.0307
0.1505
0.2607
0.3081
0.3583
0.4285
0.4150
0.4317
0.4595
0.4430
0.4516
0.4737
0.5109
0.6034
0.5081
0.5357
0.0485
0.2399
0.3919
0.4192
0.4683
0.5255
0.5066
0.6007
0.6001
0.5802
0.5966
0.6701
0.5900
0.6798
0.7439
0.7311
0.0168
0.2215
0.2978
0.3348
0.5136
0.4786
0.5116
0.4980
0.5355
0.6016
0.5250
0.5758
0.4390
0.4991
0.6558
0.5703
0.0797
0.2577
0.3891
0.4639
0.4887
0.5565
0.5981
0.6144
0.6615
0.6062
0.6257
0.7312
0.7092
0.6945
0.7297
0.7502
0.0927
0.4376
0.5200
0.6118
0.6850
0.7201
0.7372
0.6612
0.7575
0.7578
0.7509
0.8256
0.8092
0.7970
0.8816
0.8532
0.0232
0.3310
0.4561
0.5453
0.5841
0.5054
0.5856
0.6139
0.5561
0.6558
0.6865
0.6708
0.6956
0.6152
0.6808
0.7433
0.1653
0.4207
0.5152
0.6471
0.6796
0.6721
0.7070
0.7919
0.7030
0.7612
0.7404
0.7898
0.8619
0.8353
0.8521
0.8772
0.2081
0.6415
0.6227
0.7722
0.7752
0.7878
0.8258
0.8465
0.8840
0.8940
0.9128
0.8851
0.9253
0.9142
0.9261
0.9342
0.0352
0.3447
0.4975
0.4832
0.6876
0.6190
0.6197
0.7294
0.6951
0.7054
0.7622
0.7715
0.7135
0.7216
0.7549
0.6983
0.1160
0.4900
0.7163
0.7413
0.7851
0.7870
0.7954
0.8723
0.8427
0.8412
0.8613
0.8805
0.8697
0.8871
0.8893
0.8948
0.1021
0.6147
0.7873
0.8388
0.8489
0.8845
0.8881
0.9232
0.9351
0.9482
0.9402
0.9577
0.9618
0.9527
0.9537
0.9726
0.0481
0.3128
0.4385
0.5573
0.6495
0.6747
0.7662
0.7546
0.7906
0.7121
0.8081
0.7334
0.7954
0.7641
0.7537
0.8373
0.0991
0.6102
0.7614
0.8183
0.8891
0.8693
0.9097
0.9044
0.9181
0.9313
0.9256
0.9310
0.9423
0.9598
0.9559
0.9600
0.1317
0.7681
0.8686
0.8703
0.9114
0.9381
0.9431
0.9590
0.9622
0.9793
0.9769
0.9742
0.9821
0.9762
0.9823
0.9875
0.0828
0.3488
0.5490
0.6603
0.7105
0.7686
0.7798
0.7786
0.8600
0.8357
0.8267
0.8274
0.8511
0.8806
0.8104
0.8600
0.5098
0.8848
0.8884
0.9189
0.9430
0.9625
0.9708
0.9730
0.9728
0.9765
0.9846
0.9875
0.9913
0.9937
0.9965
0.9976
0.6654
0.9524
0.9678
0.9716
0.9826
0.9809
0.9897
0.9911
0.9919
0.9928
0.9949
0.9959
0.9969
0.9980
0.9990
0.9994
0.0679
0.3496
0.5191
0.6761
0.6975
0.7860
0.8212
0.8533
0.8733
0.8693
0.8758
0.9115
0.8976
0.8952
0.8983
0.9251
0.2686
0.8793
0.9069
0.9347
0.9221
0.9511
0.9679
0.9747
0.9756
0.9817
0.9879
0.9901
0.9926
0.9963
0.9983
0.9993
0.0952
0.8105
0.8760
0.8999
0.9379
0.9529
0.9771
0.9793
0.9750
0.9879
0.9903
0.9936
0.9958
0.9975
0.9990
0.9998
0.0520
0.2524
0.4914
0.5755
0.6156
0.6648
0.7629
0.7772
0.7579
0.8200
0.8577
0.8269
0.8143
0.8330
0.8049
0.8843
0.2238
0.8263
0.8704
0.8936
0.9129
0.9378
0.9497
0.9531
0.9690
0.9710
0.9740
0.9852
0.9877
0.9903
0.9946
0.9962
0.4262
0.9018
0.9371
0.9581
0.9737
0.9766
0.9795
0.9849
0.9906
0.9932
0.9930
0.9937
0.9952
0.9972
0.9985
0.9995
0.0570
0.2096
0.3209
0.4091
0.4815
0.4583
0.5092
0.6037
0.6153
0.5893
0.5435
0.6849
0.6125
0.6056
0.5000
0.7195
0.1214
0.3963
0.5775
0.6893
0.6673
0.7818
0.8319
0.8288
0.8766
0.8650
0.8828
0.8941
0.8931
0.9106
0.9330
0.9343
0.1627
0.5289
0.7609
0.7770
0.8621
0.8580
0.9137
0.9399
0.9457
0.9532
0.9535
0.9691
0.9667
0.9683
0.9813
0.9736
0.0405
0.1653
0.2300
0.3283
0.2949
0.3784
0.3568
0.2733
0.3977
0.2833
0.2956
0.1467
0.3574
0.3110
0.3257
0.5116
0.0538
0.2957
0.3691
0.4951
0.5830
0.6336
0.6114
0.7006
0.7523
0.7144
0.7327
0.7559
0.8070
0.7551
0.7865
0.8186
0.0533
0.3682
0.5597
0.6851
0.7392
0.7318
0.7856
0.7970
0.8542
0.8768
0.8800
0.9048
0.9016
0.9077
0.9139
0.9303
0.0322
0.0774
0.0791
0.0611
0.0840
0.0597
0.2174
0.1058
0.0597
0.0655
0.1004
0.0811
0.0433
0.0746
0.0420
0.0177
0.0255
0.1499
0.2159
0.3509
0.3292
0.4490
0.4669
0.4792
0.5356
0.5338
0.5578
0.5277
0.6105
0.5279
0.5792
0.7087
0.0394
0.2651
0.4120
0.5255
0.5601
0.5172
0.6198
0.6279
0.6232
0.7632
0.7087
0.7116
0.7699
0.7468
0.8018
0.8102
0.0129
0.0405
0.0407
0.0401
0.0252
0.0353
0.0501
0.0370
0.0318
0.0393
0.0438
0.0333
0.0316
0.0257
0.0404
0.0206
0.0215
0.0839
0.1229
0.1479
0.1630
0.2042
0.1884
0.2713
0.2557
0.2545
0.2867
0.2991
0.3004
0.2718
0.3777
0.3252
0.0407
0.1338
0.2152
0.2241
0.2798
0.3262
0.3573
0.3876
0.3971
0.4244
0.3604
0.4442
0.5046
0.5097
0.5326
0.5850
0.0046
0.0125
0.0137
0.0176
0.0155
0.0151
0.0163
0.0131
0.0217
0.0220
0.0110
0.0124
0.0155
0.0125
0.0084
0.0166
0.0084
0.0361
0.0522
0.0599
0.0666
0.0873
0.0723
0.0783
0.0992
0.0946
0.0917
0.1052
0.1088
0.1063
0.1154
0.1157
0.0130
0.0615
0.0790
0.1114
0.1115
0.1550
0.1473
0.1807
0.1613
0.1743
0.1931
0.1783
0.2250
0.2016
0.2405
0.2416
0.0013
0.0040
0.0055
0.0044
0.0063
0.0044
0.0088
0.0071
0.0057
0.0251
0.0043
0.0070
0.0100
0.0041
0.0064
0.0024
0.0032
0.0134
0.0166
0.0196
0.0171
0.0225
0.0198
0.0254
0.0272
0.0278
0.0371
0.0302
0.0314
0.0325
0.0333
0.0285
0.0055
0.0217
0.0280
0.0333
0.0344
0.0384
0.0461
0.0422
0.0466
0.0490
0.0472
0.0383
0.0640
0.0502
0.0748
0.0910
