0.0080
0.2235
0.3255
0.3649
0.3911
0.3757
0.4094
0.3818
0.3834
0.4804
0.4150
0.4677
0.4655
0.3872
0.3687
0.3066
0.0134
0.1162
0.1947
0.2623
0.3252
0.3929
0.3971
0.4158
0.4283
0.4478
0.4277
0.4995
0.4860
0.4745
0.4712
0.4764
0.0222
0.1337
0.2291
0.2701
0.3450
0.3700
0.4174
0.4313
0.4505
0.4857
0.4977
0.4902
0.5189
0.5959
0.5260
0.5066
0.0523
0.2470
0.3643
0.4372
0.4975
0.5233
0.5734
0.5815
0.5924
0.5888
0.6215
0.6257
0.6327
0.6601
0.6817
0.6598
0.1308
0.4146
0.5522
0.6087
0.6239
0.6552
0.6850
0.6818
0.6900
0.6908
0.6891
0.6962
0.6727
0.6769
0.6812
0.6849
0.0132
0.2614
0.3525
0.3606
0.4429
0.4651
0.4948
0.4280
0.4268
0.4311
0.3474
0.3025
0.3958
0.4424
0.4215
0.5790
0.0195
0.1399
0.2247
0.3333
0.4119
0.4694
0.4835
0.5782
0.5791
0.5583
0.5835
0.5538
0.5524
0.5534
0.5697
0.5347
0.0324
0.1318
0.2567
0.3409
0.3951
0.4644
0.4975
0.5531
0.5989
0.6055
0.6142
0.6513
0.6884
0.7010
0.7072
0.6791
0.0729
0.2284
0.3380
0.4607
0.5421
0.5912
0.6648
0.6743
0.7287
0.7602
0.7627
0.7884
0.8314
0.8416
0.8381
0.8520
0.1581
0.3619
0.4942
0.5971
0.6574
0.7280
0.7505
0.7985
0.8186
0.8404
0.8517
0.8489
0.8786
0.8944
0.8805
0.8946
0.0278
0.2581
0.3611
0.3804
0.3857
0.3914
0.3430
0.3720
0.4103
0.3343
0.3091
0.3303
0.3787
0.2760
0.4023
0.4787
0.0356
0.1645
0.3008
0.4030
0.5009
0.5478
0.5979
0.6477
0.6147
0.6251
0.6754
0.6258
0.6152
0.6688
0.6669
0.6670
0.0597
0.1577
0.2701
0.3681
0.4734
0.5495
0.6096
0.6587
0.6996
0.7481
0.7841
0.8177
0.8203
0.8426
0.8515
0.8585
0.1707
0.2590
0.3778
0.4863
0.5877
0.6752
0.7314
0.7973
0.8295
0.8551
0.8910
0.9122
0.9338
0.9475
0.9555
0.9617
0.3133
0.4014
0.4813
0.5947
0.6757
0.7566
0.8086
0.8446
0.8962
0.9229
0.9431
0.9526
0.9630
0.9726
0.9740
0.9757
0.0369
0.3672
0.5084
0.5554
0.5775
0.5646
0.5738
0.5491
0.5849
0.5657
0.5591
0.5329
0.5517
0.6144
0.5624
0.5683
0.0483
0.1795
0.3314
0.4971
0.5981
0.6310
0.7181
0.7364
0.7309
0.7473
0.7562
0.7597
0.7696
0.7621
0.7649
0.7879
0.1053
0.1957
0.3252
0.4512
0.5482
0.6060
0.6941
0.7664
0.8127
0.8441
0.8849
0.9013
0.9192
0.9281
0.9390
0.9331
0.3461
0.4223
0.5656
0.6673
0.7657
0.8122
0.8571
0.8966
0.9208
0.9432
0.9639
0.9781
0.9882
0.9939
0.9925
0.9918
0.4310
0.5224
0.6550
0.7636
0.8391
0.8762
0.9032
0.9274
0.9504
0.9677
0.9786
0.9883
0.9951
0.9981
0.9966
0.9959
0.0394
0.4200
0.5877
0.6612
0.6762
0.6567
0.6339
0.6482
0.6632
0.6591
0.6979
0.6585
0.6559
0.6324
0.5873
0.5705
0.0433
0.1690
0.3412
0.4916
0.6492
0.7037
0.7941
0.8177
0.8422
0.8530
0.8360
0.8399
0.8430
0.8344
0.8630
0.8296
0.1159
0.2278
0.3205
0.4436
0.5501
0.6406
0.7126
0.7827
0.8438
0.8810
0.9114
0.9306
0.9506
0.9644
0.9664
0.9663
0.3564
0.4098
0.5216
0.6563
0.7481
0.8139
0.8652
0.9015
0.9258
0.9444
0.9624
0.9730
0.9847
0.9923
0.9968
0.9988
1.0000
1.0000
1.0000
1.0000
1.0000
1.0000
1.0000
1.0000
1.0000
1.0000
1.0000
1.0000
1.0000
1.0000
1.0000
1.0000
0.0418
0.3966
0.5839
0.6527
0.6754
0.6252
0.6338
0.5917
0.6431
0.6097
0.6525
0.6545
0.6550
0.6463
0.6055
0.6147
0.0465
0.1535
0.3148
0.4869
0.6138
0.6862
0.7539
0.7978
0.8148
0.8253
0.8157
0.8210
0.8184
0.8125
0.8222
0.8143
0.1127
0.1972
0.2929
0.4076
0.4969
0.6183
0.6878
0.7571
0.8196
0.8629
0.8966
0.9211
0.9387
0.9415
0.9496
0.9482
0.3894
0.5106
0.6099
0.6968
0.7646
0.8046
0.8512
0.8846
0.9180
0.9460
0.9635
0.9794
0.9881
0.9941
0.9928
0.9918
0.4310
0.5224
0.6550
0.7636
0.8391
0.8762
0.9032
0.9274
0.9504
0.9677
0.9786
0.9883
0.9951
0.9981
0.9966
0.9959
0.0408
0.3647
0.5415
0.5711
0.5682
0.5269
0.5554
0.5923
0.5461
0.4826
0.5280
0.4950
0.5114
0.5526
0.5360
0.5303
0.0498
0.1421
0.2853
0.4198
0.5483
0.5991
0.6623
0.6907
0.7008
0.6935
0.7076
0.6725
0.6919
0.7135
0.7144
0.7200
0.1145
0.2152
0.2872
0.3428
0.4255
0.5272
0.5851
0.6762
0.7232
0.7943
0.8054
0.8399
0.8706
0.8613
0.8779
0.8629
0.2707
0.3596
0.4469
0.5430
0.5874
0.6576
0.7308
0.7761
0.8232
0.8731
0.8983
0.9185
0.9407
0.9513
0.9570
0.9559
0.3133
0.4014
0.4813
0.5947
0.6757
0.7566
0.8086
0.8446
0.8962
0.9229
0.9431
0.9526
0.9630
0.9726
0.9740
0.9757
0.0365
0.2809
0.3864
0.4054
0.4104
0.3418
0.3866
0.3797
0.3401
0.3849
0.4091
0.4075
0.3175
0.4387
0.3302
0.3302
0.0495
0.1299
0.2485
0.3407
0.4379
0.4676
0.5228
0.5334
0.5473
0.5336
0.5310
0.5336
0.5214
0.5100
0.4943
0.4878
0.0932
0.1916
0.2687
0.3267
0.4065
0.4341
0.5066
0.5480
0.5772
0.6325
0.6552
0.6739
0.7138
0.7292
0.7107
0.7230
0.1523
0.3099
0.4196
0.5008
0.5517
0.6117
0.6437
0.6931
0.7297
0.7616
0.7988
0.8157
0.8131
0.8330
0.8393
0.8569
0.1581
0.3619
0.4942
0.5971
0.6574
0.7280
0.7505
0.7985
0.8186
0.8404
0.8517
0.8489
0.8786
0.8944
0.8805
0.8946
0.0306
0.1905
0.2329
0.2659
0.2491
0.2879
0.2922
0.2187
0.2445
0.2819
0.2298
0.2917
0.3081
0.3032
0.3308
0.2782
0.0426
0.1207
0.2099
0.2591
0.3086
0.3368
0.3781
0.3705
0.3985
0.3897
0.3945
0.4119
0.4058
0.3884
0.4165
0.3992
0.0658
0.2003
0.2702
0.3055
0.3399
0.3626
0.4137
0.4357
0.4951
0.4806
0.4943
0.4958
0.5072
0.5397
0.5504
0.5669
0.1142
0.3524
0.4173
0.4772
0.5104
0.5348
0.5593
0.5674
0.6200
0.6400
0.6443
0.6307
0.6549
0.6590
0.6406
0.6534
0.1308
0.4146
0.5522
0.6087
0.6239
0.6552
0.6850
0.6818
0.6900
0.6908
0.6891
0.6962
0.6727
0.6769
0.6812
0.6849
0.0282
0.1885
0.2452
0.2808
0.2809
0.2775
0.2650
0.3050
0.2807
0.3047
0.2901
0.2952
0.2952
0.2651
0.2810
0.2378
0.0487
0.1146
0.1949
0.2413
0.3139
0.3399
0.3665
0.3643
0.3625
0.3834
0.3586
0.3833
0.3664
0.4088
0.3769
0.3657
0.1155
0.1923
0.2537
0.2983
0.3493
0.3775
0.3684
0.4385
0.4482
0.4667
0.4703
0.4678
0.4939
0.5107
0.5023
0.4905
0.2205
0.3665
0.4383
0.4829
0.5117
0.5164
0.5576
0.5926
0.5987
0.6142
0.6208
0.6738
0.6150
0.6428
0.6714
0.6447
0.2387
0.4705
0.5398
0.5802
0.6191
0.6445
0.6522
0.6845
0.6916
0.7165
0.7229
0.7437
0.7539
0.7679
0.7585
0.7639
0.0320
0.2230
0.3066
0.3255
0.3402
0.3619
0.3700
0.3772
0.3437
0.3317
0.3628
0.3350
0.3069
0.3038
0.2998
0.3046
0.0491
0.1276
0.2262
0.2816
0.3215
0.3789
0.4027
0.4498
0.4628
0.5281
0.5333
0.5103
0.4790
0.4785
0.4674
0.4675
0.1432
0.1943
0.2657
0.3489
0.4092
0.4457
0.4908
0.5373
0.5559
0.5738
0.6109
0.6331
0.6783
0.6764
0.6582
0.6732
0.3370
0.4015
0.4587
0.5419
0.5934
0.6340
0.6858
0.7043
0.7565
0.7690
0.8224
0.8171
0.8375
0.8483
0.8548
0.8740
0.4149
0.4744
0.5578
0.6518
0.7194
0.7549
0.8011
0.8160
0.8492
0.8517
0.8816
0.8993
0.9042
0.9118
0.9117
0.9167
0.0300
0.2576
0.4028
0.4325
0.4542
0.4499
0.4232
0.4738
0.4909
0.5319
0.4563
0.5058
0.4230
0.4977
0.4674
0.4799
0.0462
0.1351
0.2602
0.3628
0.4224
0.4824
0.5481
0.5626
0.6180
0.6570
0.7157
0.6784
0.6976
0.6933
0.6878
0.6982
0.1433
0.2173
0.3015
0.3894
0.4750
0.5338
0.5800
0.6453
0.7098
0.7487
0.7711
0.8247
0.8627
0.8906
0.8959
0.9122
0.4797
0.5551
0.6238
0.6914
0.7399
0.8000
0.8364
0.8613
0.8983
0.9235
0.9477
0.9645
0.9794
0.9874
0.9844
0.9815
0.5865
0.6509
0.7209
0.7971
0.8478
0.8838
0.9038
0.9246
0.9446
0.9621
0.9706
0.9809
0.9922
0.9961
0.9928
0.9907
0.0299
0.2807
0.4453
0.4731
0.5219
0.5065
0.5148
0.5094
0.5294
0.5411
0.5575
0.4858
0.4559
0.4905
0.5865
0.5104
0.0479
0.1458
0.2668
0.3957
0.4627
0.5761
0.6370
0.6845
0.7375
0.7660
0.7847
0.7754
0.7478
0.7672
0.7357
0.7778
0.1494
0.2372
0.3332
0.4273
0.5188
0.5964
0.6669
0.7276
0.7296
0.8057
0.8361
0.8735
0.8930
0.9232
0.9376
0.9364
0.4979
0.5593
0.6475
0.7244
0.7662
0.8268
0.8642
0.8914
0.9199
0.9372
0.9520
0.9677
0.9789
0.9868
0.9944
0.9978
1.0000
1.0000
1.0000
1.0000
1.0000
1.0000
1.0000
1.0000
1.0000
1.0000
1.0000
1.0000
1.0000
1.0000
1.0000
1.0000
0.0260
0.2333
0.3216
0.3598
0.3791
0.3958
0.4048
0.4031
0.4157
0.4353
0.3288
0.3323
0.3341
0.3595
0.3023
0.3787
0.0500
0.1425
0.2582
0.3583
0.4297
0.4828
0.5148
0.5555
0.5406
0.5766
0.5848
0.6069
0.5793
0.6312
0.6214
0.6145
0.1442
0.2210
0.3289
0.4046
0.4819
0.5477
0.6278
0.6946
0.7215
0.7602
0.7839
0.8043
0.8174
0.8001
0.8168
0.8055
0.4429
0.5097
0.6162
0.6922
0.7548
0.8105
0.8449
0.8834
0.9116
0.9259
0.9448
0.9614
0.9773
0.9860
0.9829
0.9784
0.5865
0.6509
0.7209
0.7971
0.8478
0.8838
0.9038
0.9246
0.9446
0.9621
0.9706
0.9809
0.9922
0.9961
0.9928
0.9907
0.0189
0.1637
0.2438
0.2802
0.2822
0.3071
0.3216
0.3608
0.2682
0.3028
0.3005
0.3802
0.3327
0.3129
0.3970
0.2526
0.0405
0.1249
0.2046
0.2769
0.3276
0.3389
0.3744
0.3973
0.4169
0.4214
0.4423
0.4544
0.4320
0.4804
0.4638
0.4444
0.0813
0.1684
0.2544
0.3264
0.3955
0.4440
0.4943
0.5220
0.5435
0.5645
0.5901
0.5873
0.5952
0.6210
0.6225
0.6339
0.2133
0.3468
0.4261
0.5282
0.5789
0.6252
0.6870
0.7167
0.7575
0.7722
0.7849
0.7958
0.8200
0.8296
0.8385
0.8411
0.4149
0.4744
0.5578
0.6518
0.7194
0.7549
0.8011
0.8160
0.8492
0.8517
0.8816
0.8993
0.9042
0.9118
0.9117
0.9167
0.0115
0.2066
0.3102
0.3356
0.3369
0.3589
0.3379
0.4134
0.3591
0.3713
0.3498
0.3669
0.3629
0.4264
0.3786
0.4351
0.0218
0.1072
0.1913
0.2581
0.2924
0.3391
0.3682
0.3997
0.3980
0.3928
0.3977
0.4294
0.4142
0.4462
0.4672
0.4366
0.0380
0.1411
0.2219
0.2948
0.3467
0.3602
0.4169
0.4147
0.4366
0.4529
0.4381
0.4707
0.4884
0.4537
0.4878
0.4983
0.1023
0.2601
0.3823
0.4354
0.5027
0.5514
0.5866
0.5796
0.5986
0.6204
0.6249
0.6400
0.6479
0.6595
0.6290
0.6421
0.2387
0.4705
0.5398
0.5802
0.6191
0.6445
0.6522
0.6845
0.6916
0.7165
0.7229
0.7437
0.7539
0.7679
0.7585
0.7639
