0.0500
0.0500
0.0500
0.0500
0.0500
0.0500
0.0500
0.0500
0.0500
0.0500
0.0500
0.0500
0.0500
0.0500
0.0500
0.0500
0.0500
0.0500
0.0500
0.0500
0.0500
0.0500
0.0713
0.1806
0.0500
0.2357
0.2262
0.0500
0.1897
0.2172
0.0500
0.0500
0.0500
0.0500
0.0500
0.0500
0.0500
0.0500
0.0500
0.0500
0.0500
0.0500
0.0500
0.0500
0.0500
0.0500
0.0500
0.0500
0.0500
0.0500
0.0500
0.0500
0.0500
0.0500
0.0500
0.0500
0.0500
0.0500
0.0500
0.0500
0.0500
0.0500
0.0500
0.0500
0.0500
0.0500
0.0500
0.0500
0.0500
0.0500
0.1436
0.2172
0.0860
0.2241
0.2262
0.0500
0.1290
0.1806
0.0500
0.0500
0.0500
0.0500
0.0500
0.0500
0.0500
0.0500
0.0500
0.0500
0.0500
0.0500
0.0500
0.0500
0.0500
0.0500
0.0500
0.0500
0.0500
0.0500
0.0500
0.0500
0.0500
0.0500
0.0500
0.0500
0.0500
0.0500
0.0500
0.1099
0.0500
0.2087
0.3461
0.0500
0.3224
0.3697
0.1760
0.3639
0.3953
0.3548
0.5487
0.4964
0.3950
0.5257
0.4797
0.3481
0.5157
0.4750
0.3112
0.3606
0.4003
0.2708
0.3482
0.3991
0.2341
0.3595
0.4337
0.0500
0.2858
0.3464
0.0500
0.1057
0.2722
0.0500
0.0500
0.0500
0.0500
0.0500
0.0500
0.0500
0.0500
0.0500
0.0500
0.0916
0.1526
0.0500
0.1480
0.1597
0.0500
0.1957
0.2534
0.0500
0.2081
0.3951
0.0500
0.1388
0.3707
0.0876
0.3178
0.4015
0.0500
0.4006
0.4408
0.0500
0.4179
0.4380
0.0500
0.2766
0.4117
0.0500
0.0945
0.3050
0.0500
0.0500
0.1959
0.0500
0.0500
0.0844
0.0500
0.0500
0.0500
0.0500
0.0500
0.0500
0.0500
0.2454
0.1656
0.1907
0.2852
0.2814
0.4404
0.3491
0.3674
0.4568
0.4024
0.4332
0.4380
0.4277
0.4472
0.4194
0.4216
0.9990
0.3776
0.9990
0.9990
0.4038
0.9990
0.9990
0.4122
0.9990
0.9990
0.4038
0.9990
0.9990
0.3890
0.9990
0.9990
0.3779
0.4216
0.9990
0.4075
0.4022
0.4472
0.4128
0.3929
0.4332
0.3087
0.2843
0.3674
0.0754
0.0855
0.2814
0.0500
0.0500
0.1656
0.0500
0.0675
0.2164
0.0500
0.1794
0.3059
0.0500
0.3373
0.3775
0.0500
0.4407
0.4782
0.2789
0.5086
0.5287
0.2944
0.5995
0.6154
0.5411
0.6321
0.8908
0.5591
0.5874
0.9990
0.3593
0.6263
0.8908
0.0500
0.5613
0.6154
0.0500
0.5123
0.5287
0.0500
0.4230
0.4782
0.0500
0.3277
0.3775
0.0500
0.3026
0.3059
0.0500
0.2070
0.2164
0.0500
0.0500
0.0500
0.0500
0.0500
0.0500
0.0500
0.1422
0.2722
0.2856
0.2838
0.3464
0.3364
0.3729
0.4337
0.3658
0.3653
0.3991
0.3392
0.4431
0.4003
0.3814
0.5157
0.4750
0.3911
0.5257
0.4797
0.4019
0.5487
0.4964
0.2899
0.3825
0.3953
0.0500
0.3667
0.3697
0.0500
0.2538
0.3461
0.0500
0.0500
0.1099
0.0500
0.0500
0.0500
0.0500
0.0500
0.0500
0.0500
0.0500
0.0500
0.0500
0.0500
0.0500
0.0500
0.0500
0.0500
0.0500
0.0500
0.0844
0.0500
0.0538
0.1959
0.0500
0.0502
0.3050
0.0500
0.3508
0.4117
0.0500
0.4179
0.4380
0.4093
0.4288
0.4408
0.0533
0.3108
0.4015
0.0500
0.1200
0.3707
0.0500
0.0500
0.3951
0.0500
0.0500
0.2534
0.0500
0.0500
0.1597
0.0500
0.0500
0.1526
0.0500
0.0500
0.0500
0.0500
0.0500
0.0500
0.0500
0.0500
0.0500
0.0500
0.0500
0.0500
0.0500
0.0500
0.0500
0.0500
0.0500
0.0500
0.0500
0.0500
0.0500
0.0500
0.0500
0.0500
0.0500
0.1436
0.2172
0.0860
0.2241
0.2262
0.0500
0.1290
0.1806
0.0500
0.0500
0.0500
0.0500
0.0500
0.0500
0.0500
0.0500
0.0500
0.0500
0.0500
0.0500
0.0500
0.0500
0.0500
0.0500
0.0500
0.0500
0.0500
0.0500
0.0500
0.0500
0.0500
0.0500
0.0500
0.0500
0.0500
0.0500
0.0500
0.0500
0.0500
0.0500
0.0500
0.0500
0.0500
0.0500
0.0500
0.0500
0.0500
0.0500
0.0713
0.1806
0.0500
0.2357
0.2262
0.0500
0.1897
0.2172
0.0500
0.0500
0.0500
0.0500
0.0500
0.0500
0.0500
0.0500
0.0500
0.0500
0.0500
0.0500
0.0500
0.0500
0.0500
0.0500
0.0500
0.0500
0.0500
0.0500
0.0500
0.0500
0.0500
0.0500
0.0500
0.0916
0.1526
0.0500
0.1480
0.1597
0.0500
0.1957
0.2534
0.0500
0.2081
0.3951
0.0500
0.1388
0.3707
0.0876
0.3178
0.4015
0.0500
0.4006
0.4408
0.0500
0.4179
0.4380
0.0500
0.2766
0.4117
0.0500
0.0945
0.3050
0.0500
0.0500
0.1959
0.0500
0.0500
0.0844
0.0500
0.0500
0.0500
0.0500
0.0500
0.0500
0.0500
0.0500
0.0500
0.0500
0.0500
0.0500
0.0500
0.0500
0.0500
0.0500
0.0500
0.1099
0.0500
0.2087
0.3461
0.0500
0.3224
0.3697
0.1760
0.3639
0.3953
0.3548
0.5487
0.4964
0.3950
0.5257
0.4797
0.3481
0.5157
0.4750
0.3112
0.3606
0.4003
0.2708
0.3482
0.3991
0.2341
0.3595
0.4337
0.0500
0.2858
0.3464
0.0500
0.1057
0.2722
0.0500
0.0500
0.0500
0.0500
0.0500
0.1656
0.0500
0.0675
0.2164
0.0500
0.1794
0.3059
0.0500
0.3373
0.3775
0.0500
0.4407
0.4782
0.2789
0.5086
0.5287
0.2944
0.5995
0.6154
0.5411
0.6321
0.8908
0.5591
0.5874
0.9990
0.3593
0.6263
0.8908
0.0500
0.5613
0.6154
0.0500
0.5123
0.5287
0.0500
0.4230
0.4782
0.0500
0.3277
0.3775
0.0500
0.3026
0.3059
0.0500
0.2070
0.2164
0.0500
0.2454
0.1656
0.1907
0.2852
0.2814
0.4404
0.3491
0.3674
0.4568
0.4024
0.4332
0.4380
0.4277
0.4472
0.4194
0.4216
0.9990
0.3776
0.9990
0.9990
0.4038
0.9990
0.9990
0.4122
0.9990
0.9990
0.4038
0.9990
0.9990
0.3890
0.9990
0.9990
0.3779
0.4216
0.9990
0.4075
0.4022
0.4472
0.4128
0.3929
0.4332
0.3087
0.2843
0.3674
0.0754
0.0855
0.2814
0.0500
0.0500
0.0500
0.0500
0.0500
0.0500
0.0500
0.0500
0.0500
0.0500
0.0500
0.0844
0.0500
0.0538
0.1959
0.0500
0.0502
0.3050
0.0500
0.3508
0.4117
0.0500
0.4179
0.4380
0.4093
0.4288
0.4408
0.0533
0.3108
0.4015
0.0500
0.1200
0.3707
0.0500
0.0500
0.3951
0.0500
0.0500
0.2534
0.0500
0.0500
0.1597
0.0500
0.0500
0.1526
0.0500
0.0500
0.0500
0.0500
0.0500
0.0500
0.0500
0.0500
0.0500
0.0500
0.1422
0.2722
0.2856
0.2838
0.3464
0.3364
0.3729
0.4337
0.3658
0.3653
0.3991
0.3392
0.4431
0.4003
0.3814
0.5157
0.4750
0.3911
0.5257
0.4797
0.4019
0.5487
0.4964
0.2899
0.3825
0.3953
0.0500
0.3667
0.3697
0.0500
0.2538
0.3461
0.0500
0.0500
0.1099
0.0500
0.0500
0.0500
0.0500
0.0500
0.0500
