0.9990
0.9823
0.9747
0.9247
0.8803
0.7874
0.9772
0.7211
0.7483
0.9899
0.7906
0.8396
0.9925
0.8916
0.0500
0.9990
0.8860
0.8396
0.9990
0.8246
0.7483
0.9990
0.7141
0.7874
0.9990
0.9990
0.9747
0.9990
0.9990
0.9899
0.9990
0.9990
0.9990
0.9990
0.9990
0.9990
0.9990
0.9990
0.0500
0.9990
0.9990
0.9990
0.9990
0.9990
0.9990
0.9975
0.9990
0.9899
0.9990
0.9975
0.9644
0.9990
0.9990
0.8860
0.9990
0.9327
0.7969
0.9990
0.6892
0.5523
0.9990
0.6083
0.5431
0.9990
0.6442
0.5958
0.9990
0.8000
0.6557
0.9990
0.9434
0.8246
0.9990
0.9975
0.9138
0.9990
0.9990
0.9849
0.9990
0.9874
0.9247
0.9990
0.9950
0.7874
0.9990
0.9925
0.8396
0.9487
0.9990
0.5874
0.9990
0.9990
0.6083
0.9990
0.9925
0.8746
0.9990
0.4359
0.3674
0.9434
0.4796
0.4183
0.9874
0.4848
0.4637
0.9990
0.5385
0.4743
0.9990
0.6633
0.5244
0.9990
0.7583
0.4899
0.5958
0.6245
0.5612
0.7036
0.6557
0.5788
0.9354
0.5196
0.5196
0.9874
0.5612
0.4416
0.9950
0.5292
0.4583
0.9083
0.5657
0.4062
0.5523
0.5148
0.4583
0.9644
0.6245
0.3317
0.9990
0.4637
0.4243
0.9990
0.5339
0.3937
0.2739
0.3808
0.3240
0.3317
0.2345
0.2236
0.3937
0.2345
0.2000
0.3464
0.2915
0.3240
0.3464
0.3937
0.3808
0.3391
0.3464
0.3742
0.3536
0.4528
0.3536
0.3000
0.4183
0.4243
0.3317
0.3873
0.4416
0.3082
0.3606
0.3000
0.3606
0.0500
0.0500
0.3082
0.0500
0.0500
0.3082
0.0500
0.0707
0.3606
0.2915
0.0500
0.3317
0.3162
0.2828
0.3536
0.3742
0.2739
0.2236
0.1225
0.1000
0.2449
0.2345
0.1732
0.2345
0.3317
0.3240
0.3391
0.4359
0.5431
0.2550
0.6782
0.0500
0.2915
0.5958
0.5431
0.3000
0.5244
0.3240
0.3464
0.3162
0.1732
0.3317
0.1414
0.1000
0.2828
0.1000
0.0500
0.3606
0.1000
0.1414
0.4062
0.2449
0.0707
0.3000
0.3674
0.0500
0.3240
0.0500
0.0707
0.2646
0.1000
0.1414
0.2000
0.1225
0.0500
0.3000
0.4416
0.4416
0.3082
0.4301
0.4243
0.3240
0.5099
0.3536
0.3742
0.5000
0.3742
0.3240
0.5099
0.3808
0.4062
0.4243
0.3240
0.4123
0.3808
0.2000
0.3391
0.4359
0.2236
0.3742
0.4848
0.3240
0.3240
0.4000
0.2739
0.3808
0.4123
0.2828
0.3391
0.3464
0.0500
0.2915
0.2550
0.0707
0.3000
0.0500
0.0500
0.2449
0.1225
0.0500
0.2236
0.3391
0.3000
0.4637
0.4950
0.5196
0.5916
0.6928
0.5788
0.9990
0.6442
0.5612
0.9990
0.7483
0.4899
0.7141
0.6403
0.5244
0.9539
0.6325
0.4743
0.8185
0.5612
0.4637
0.8456
0.5916
0.4183
0.6403
0.4743
0.3674
0.4416
0.4899
0.3937
0.5099
0.4950
0.4243
0.5339
0.5701
0.3317
0.7746
0.4690
0.4583
0.5000
0.4472
0.4062
0.5244
0.4183
0.4583
0.4583
0.5292
0.4416
0.9990
0.9899
0.9138
0.9975
0.8337
0.8246
0.9990
0.7000
0.6557
0.9975
0.6819
0.5958
0.6819
0.7280
0.5431
0.7906
0.6633
0.5523
0.9798
0.8276
0.7969
0.9990
0.9950
0.8860
0.9990
0.9990
0.9644
0.9990
0.9950
0.8746
0.9990
0.7450
0.6083
0.9990
0.6000
0.5874
0.9990
0.7036
0.8396
0.9990
0.9165
0.7874
0.9990
0.9990
0.9247
0.9990
0.9990
0.9849
