# Transform PAL 2D per-bin thresholds, calibrated on VQEG 625 corpus (alpha=2)
# order: y rows 0-15 outer, x bins fsc/2..fsc inner; use as Decode(thresholds=[...])
0.9990
0.9950
0.8573
0.5148
0.3000
0.9899
0.6519
0.6285
0.4950
0.3674
0.9950
0.5292
0.5523
0.4637
0.3606
0.3536
0.4416
0.4796
0.3082
0.2121
0.2915
0.4583
0.4743
0.3317
0.0500
0.2739
0.4416
0.5385
0.2121
0.2121
0.3082
0.4899
0.5431
0.4123
0.3606
0.9990
0.6000
0.6205
0.4583
0.3674
0.9990
0.9990
0.8660
0.4690
0.3000
0.9990
0.9990
0.8916
0.5196
0.3240
0.9950
0.7583
0.6124
0.3873
0.2915
0.9899
0.5916
0.5385
0.1732
0.0500
0.4743
0.5477
0.5000
0.1581
0.0500
0.9950
0.5916
0.5477
0.2550
0.0500
0.9990
0.9990
0.6557
0.4123
0.2915
0.9975
0.9975
0.9849
0.5244
0.3240
